1 折扇浪漫 0 0
2 墨萧炎 0 0
3 邱少 0 0
4 青丝枫凌 0 0
5 与尔同销萬古愁 0 0
6 空虚公子萧四无 0 0
7 五六柒 0 0
8 成溪 0 0
9 煌煌 0 0
10 乌莲娜 0 0
11 夢觴丶 0 0
12 梦觞丶 0 0
13 浪迹小秦 0 0
14 唐舞桐灬 0 0
15 墨韵轩华 0 0
16 无言上青楼 0 0
17 凯 0 0
18 儒丶张良 0 0
19 怒怒怒怒火 0 0
20 水影悠兰 0 0
21 丿几度度丶 0 0
22 咸鱼天香 0 0
23 凯贼阔里 0 0
24 烧酒仙 0 0
25 徐耶比 0 0
26 潇洒仗剑天下 0 0
27 再见是否红着脸 0 0
28 灬醉丨雲嫣 0 0
29 任离流 0 0
30 太极至尊 0 0
31 零拾 0 0
32 友善的大夫 0 0
33 紫雨幽雲 0 0
34 墨雨丶晓枫 0 0
35 毕夏有毓 0 0
36 只会躺不输出丶 0 0
37 等我出轻语 0 0
38 在下唐言 0 0
39 月牙冲天 0 0
40 开封拍卖行 0 0
41 古巷烟雨断桥殇 0 0
42 紫舞流年 0 0
43 东瀛浪人展梦魂 0 0
44 独孤沐白 0 0
45 沐浠尘 0 0
46 丐帮萌主 0 0
47 魔法少女杜芸松 0 0
48 那年红颜 0 0
49 诸天花雨 0 0
50 墨河 0 0
51 等风与你 0 0
52 机智勇敢的小炮 0 0
53 帅气无敌康爸爸 0 0
54 百里轩翊 0 0
55 甄心 0 0
56 青城爱未恋 0 0
57 椛灯 0 0
58 池小晚 0 0
59 树儿高高长 0 0
60 慕容飞羽 0 0
61 冷晓汐丶 0 0
62 伊贰叁 0 0
63 傲江湖 0 0
64 时钟轻摇孤独 0 0
65 青羽墨染云 0 0
66 丶天蓝色 0 0
67 异逍遥 0 0
68 小阿鏡 0 0
69 叶菡 0 0
70 奶小牛丶 0 0
71 爱哭鼻の阿木木 0 0
72 何月凡 0 0
73 神威再见 0 0
74 轻素剪云端 0 0
75 亲爱的未闻花名 0 0
76 丶初馨 0 0
77 其实想玩刀客 0 0
78 木易丶凝烟 0 0
79 一抹煙雨落繁華 0 0
80 拌饭萌面酥 0 0
81 唐糖～ 0 0
82 凌渃尘 0 0
83 明年今日奕十年 0 0
84 踏马清月夜 0 0
85 凡人的梦 0 0
86 一个有内涵的人 0 0
87 在下唐银 0 0
88 一直梨花压海棠 0 0
89 蝶舞旧梦 0 0
90 彼眸 0 0
91 一人一枪闯九州 0 0
92 花兮兮兮兮 0 0
93 小萌耍太白丶 0 0
94 芝麻花生馅儿饺 0 0
95 山高丶木易 0 0
96 晓月梦澈 0 0
97 小阿淮呀 0 0
98 素蝶 0 0
99 花谢人凋零。 0 0
100 池小猫 0 0
101 东风路三狗蛋 0 0
102 机智勇敢的小月 0 0
103 只想做个好人 0 0
104 眉间一点白 0 0
105 友善的咸鱼白 0 0
106 鱼小小 0 0
107 洪时雪 0 0
108 那年今若、 0 0
109 安好晴天 0 0
110 曲终无意 0 0
111 守护锋 0 0
