与尔同销萬古愁	1	3.5	2	1	3	9	6	2016-09-04
南宫絮语	1	3.5	2	1	0	6	6	2016-09-04
小阿淮呀	1	2.5	1	1	2	6	6	2016-09-04
大眼睛秋秋	1	3	2	1	0	6	6	2016-09-04
除了帅还有酷	1	4	2	0.5	0	6	6	2016-09-04
浪迹小秦	1	3.5	1	1	1	6	6	2016-09-04
折扇浪漫	1	1	2	1	1	5	5	2016-09-04
阴萤儿	1	3.5	1	1	0	5	5	2016-09-04
花兮兮兮兮	1	3.5	1	1	0	5	5	2016-09-04
尐浣熊。	1	3.5	0	1	1	5	5	2016-09-04
吕小栋	1	2	2	1	0	5	5	2016-09-04
Mn丶猫猫君	1	3.5	1	0	1	5	5	2016-09-04
零拾	1	2.5	1	1	1	5	5	2016-09-04
百里轩翊	1	2	2	1	0	5	5	2016-09-04
迟歌	1	3	1	1	0	5	5	2016-09-04
沐伯乾	1	2	0	1	1	4	4	2016-09-04
秋末黑白	1	2.5	1	0	1	4	4	2016-09-04
梦觞丶	1	1.5	2	1	0	4	4	2016-09-04
只想做个好人	1	3.5	0	0.5	0	4	4	2016-09-04
异逍遥	1	3	1	0	0	4	4	2016-09-04
a逼c迪e诶扶鸡	1	1.5	1	0	1	3	3	2016-09-04
棠棠	1	2	0	1	0	3	3	2016-09-04
ޓ一梦换须臾	1	2	1	0	0	3	3	2016-09-04
跟寂寞再和好丶	1	2.5	0	1	0	3	3	2016-09-04
〃北梦木兮	1	1	0	1	0	2	2	2016-09-04
北溟有渔曰萌	1	1.5	0	1	0	2	2	2016-09-04
仼小三	1	0	1	1	0	2	2	2016-09-04
赵昊昌	1	2.5	0	0	0	2	2	2016-09-04
鱼丶大大	1	1	0	1	0	2	2	2016-09-04
晓晨晨晨	1	2.5	0	0	0	2	2	2016-09-04
尛尛唐猫咪	1	2	0	0.5	0	2	2	2016-09-04
墨河	1	0	1	1	0	2	2	2016-09-04
时钟轻摇孤独	1	0	0	1	0	1	1	2016-09-04
雪の下八幡	1	1	0	0	0	1	1	2016-09-04
莓梓喵kiyo	1	0	0	1	0	1	1	2016-09-04
明年今日奕十年	1	1	0	0	0	1	1	2016-09-04
安九岁	1	0	0	1	0	1	1	2016-09-04
喝脉动割动脉	1	0	0	1	0	1	1	2016-09-04
一时春色	1	1	0	0	0	1	1	2016-09-04
辛晗	1	0.5	0	1	0	1	1	2016-09-04
袅袅余音灬	1	0	0	0	0	0	0	2016-09-04
唐钰名	1	0	0	0	0	0	0	2016-09-04
颓废老男人	1	0	0	0	0	0	0	2016-09-04
北夕寒笙丶	1	0	0	0	0	0	0	2016-09-04
眉间一点白	1	0	0	0	0	0	0	2016-09-04
白天敏	1	0	0	0	0	0	0	2016-09-04
齿虎	1	0	0	0	0	0	0	2016-09-04
澪澪	1	0	0	0	0	0	0	2016-09-04
冷殘心	1	0	0	0	0	0	0	2016-09-04
玉面天魁	1	0	0	0	0	0	0	2016-09-04
唐门仐少	1	0	0	0	0	0	0	2016-09-04
剑圣灬独孤求败	1	0	0	0	0	0	0	2016-09-04
慕落弦	1	0	0	0	0	0	0	2016-09-04
满分丶离渊	1	0	0	0	0	0	0	2016-09-04
柒叶浅	1	0	0	0	0	0	0	2016-09-04
箫布吉	1	0	0	0	0	0	0	2016-09-04
劳资好萌好可爱	1	0	0	0	0	0	0	2016-09-04
秋叶微寒	1	0	0	0	0	0	0	2016-09-04
明月多情笑我怪	1	0	0	0	0	0	0	2016-09-04
丶海棠丶	1	0	0	0	0	0	0	2016-09-04
暮雪醉逍遥	1	0	0	0	0	0	0	2016-09-04
素蝶	1	0	0	0	0	0	0	2016-09-04
比逗是念着反	1	0	0	0	0	0	0	2016-09-04
可夏南栀	1	0	0	0	0	0	0	2016-09-04
凰荼歌	1	0	0	0	0	0	0	2016-09-04
巡山的人	1	0	0	0	0	0	0	2016-09-04
神么刀	1	0	0	0	0	0	0	2016-09-04
忘羡一曲远	1	0	0	0	0	0	0	2016-09-04
蜜桃君	1	0	0	0	0	0	0	2016-09-04
丶若芷	1	0	0	0	0	0	0	2016-09-04
农奴翻身当地主	1	0	0	0	0	0	0	2016-09-04
薛涛笺	1	0	0	0	0	0	0	2016-09-04
君玉心	1	0	0	0	0	0	0	2016-09-04
栖零刻	1	0	0	0	0	0	0	2016-09-04
独孤沐白	1	0	0	0	0	0	0	2016-09-04
SouLmAte、小狼	1	0	0	0	0	0	0	2016-09-04
丨梦里寻她丶丨	1	0	0	0	0	0	0	2016-09-04
√蓝莓巧克力丶	1	0	0	0	0	0	0	2016-09-04
机智勇敢的小珞	1	0	0	0	0	0	0	2016-09-04
神荼夜	1	0	0	0	0	0	0	2016-09-04
絮絮叨叨的刀	1	0	0	0	0	0	0	2016-09-04
冷霜刃	1	0	0	0	0	0	0	2016-09-04
墨如渊	1	0	0	0	0	0	0	2016-09-04
ޓ俱是梦中人	1	0	0	0	0	0	0	2016-09-04
太极神尊	1	0	0	0	0	0	0	2016-09-04
我是萝卜啊	1	0	0	0	0	0	0	2016-09-04
ジSunshineづ	1	0	0	0	0	0	0	2016-09-04
奥利奥。巧轻脆	1	0	0	0	0	0	0	2016-09-04
白素。	1	0	0	0	0	0	0	2016-09-04
丶似有若无	1	0	0	0	0	0	0	2016-09-04
练武风化	1	0	0	0	0	0	0	2016-09-04
严秋月	1	0	0	0	0	0	0	2016-09-04
乱世萧	1	0	0	0	0	0	0	2016-09-04
墨泓	1	0	0	0	0	0	0	2016-09-04
沐玉洁	1	0	0	0	0	0	0	2016-09-04
一叶纸鸢、千念	1	0	0	0	0	0	0	2016-09-04
鸣鸿刀丶	1	0	0	0	0	0	0	2016-09-04
丶樱桃酱	1	0	0	0	0	0	0	2016-09-04
牧羊﹣	1	0	0	0	0	0	0	2016-09-04
阮沐林	1	0	0	0	0	0	0	2016-09-04
破穿	1	0	0	0	0	0	0	2016-09-04
叶榖城	1	0	0	0	0	0	0	2016-09-04
陈日阳	1	0	0	0	0	0	0	2016-09-04
丶古力豆	1	0	0	0	0	0	0	2016-09-04
赖温柔	1	0	0	0	0	0	0	2016-09-04
提刀独立荡八荒	1	0	0	0	0	0	0	2016-09-04
兰陵唐九霄	1	0	0	0	0	0	0	2016-09-04
青丶玄	1	0	0	0	0	0	0	2016-09-04
蘃	1	0	0	0	0	0	0	2016-09-04
少年阿波	1	0	0	0	0	0	0	2016-09-04
浪琴	1	0	0	0	0	0	0	2016-09-04
何如此地学长生	1	0	0	0	0	0	0	2016-09-04
古巷烟雨断桥殇	1	0.5	0	0	0	0	0	2016-09-04
逐凌	1	0	0	0	0	0	0	2016-09-04
神刀丶天降	1	0	0	0	0	0	0	2016-09-04
清新荷语	1	0	0	0	0	0	0	2016-09-04
钟离听音丶	1	0	0	0	0	0	0	2016-09-04
长亭外	1	0	0	0	0	0	0	2016-09-04
刺灰灰	1	0	0	0	0	0	0	2016-09-04
天香国际	1	0	0	0	0	0	0	2016-09-04
梦回路人甲	1	0	0	0	0	0	0	2016-09-04
剑老白	1	0	0	0	0	0	0	2016-09-04
贺兰丶宁儿	1	0	0	0	0	0	0	2016-09-04
留恋兰香	1	0	0	0	0	0	0	2016-09-04
白轻寒	1	0	0	0	0	0	0	2016-09-04
青丝枫凌	1	0	0	0	0	0	0	2016-09-04
张灵风	1	0	0	0	0	0	0	2016-09-04
工口字幕组	1	0	0	0	0	0	0	2016-09-04
风海一刀	1	0	0	0	0	0	0	2016-09-04
慕容紫诺	1	0	0	0	0	0	0	2016-09-04
老滚	1	0	0	0	0	0	0	2016-09-04
蕾拉宝宝	1	0	0	0	0	0	0	2016-09-04
我是天香的啊	1	0	0	0	0	0	0	2016-09-04
叨叨	1	0	0	0	0	0	0	2016-09-04
雪丶无忆	1	0	0	0	0	0	0	2016-09-04
肖君言	1	0	0	0	0	0	0	2016-09-04
凤鸣秋	1	0	0	0	0	0	0	2016-09-04
跑调的张学友	1	0	0	0	0	0	0	2016-09-04
剑舞天涯	1	0	0	0	0	0	0	2016-09-04
叄倍红货	1	0	0	0	0	0	0	2016-09-04
妲己丶别这样	1	0	0	0	0	0	0	2016-09-04
右逝	1	0	0	0	0	0	0	2016-09-04
我是赵医生	1	0	0	0	0	0	0	2016-09-04
陈凌风	1	0	0	0	0	0	0	2016-09-04
丿流年灬Cc	1	0	0	0	0	0	0	2016-09-04
比剑哥还贱	1	0	0	0	0	0	0	2016-09-04
碧眼狐狸、赵四	1	0	0	0	0	0	0	2016-09-04
墨韵轩华	2	3	1	1	3	8	6	2016-09-04
太极至尊	2	2	1	1	2	6	6	2016-09-04
淺笙	2	3.5	0	1	1	5	5	2016-09-04
凌渃尘	2	3	0	1	1	5	5	2016-09-04
如酒如笙歌ゎ	2	1.5	1	1	2	5	5	2016-09-04
百里蕾姆	2	2.5	0	1	1	4	4	2016-09-04
楪夢	2	2.5	0	1	1	4	4	2016-09-04
ゝゝ脏花花。	2	3	0	1	0	4	4	2016-09-04
樱夢	2	1.5	2	1	0	4	4	2016-09-04
云海小明	2	1	0	3	0	4	4	2016-09-04
kingdan	2	2	1	1	0	4	4	2016-09-04
俱利摩	2	3.5	0	1	0	4	4	2016-09-04
白马落叶总相依	2	0	2	1	1	4	4	2016-09-04
￣放空	2	2.5	1	0	0	3	3	2016-09-04
余子乔丶	2	3.5	0	0	0	3	3	2016-09-04
醉夜玲珑	2	2	1	0.5	0	3	3	2016-09-04
离渊不破笑道人	2	0	0	1	1	2	2	2016-09-04
一个有内涵的人	2	1.5	0	1	0	2	2	2016-09-04
椛灯	2	2	0	0.5	0	2	2	2016-09-04
牛奶奶奶奶	2	1.5	0	1	0	2	2	2016-09-04
花炮炮炮炮	2	1.5	0	1	0	2	2	2016-09-04
吾寄愁心与明月	2	2.5	0	0	0	2	2	2016-09-04
倾舞情儿	2	1	0	1	0	2	2	2016-09-04
＂清歌若月＊	2	1	0	1	0	2	2	2016-09-04
天舞小草	2	0	0	0	1	1	1	2016-09-04
若以梦熙わ	2	0	0	1	0	1	1	2016-09-04
宁似	2	1.5	0	0	0	1	1	2016-09-04
影流皇族	2	0	0	1	0	1	1	2016-09-04
荼薇与澈	2	0	0	1	0	1	1	2016-09-04
太阳骑士炮灰	2	1	0	0	0	1	1	2016-09-04
汐月暮云	2	0	0	0	1	1	1	2016-09-04
钰菏	2	1	0	0	0	1	1	2016-09-04
任离流	2	0	0	0	1	1	1	2016-09-04
轻狂惊羽	2	0	0	1	0	1	1	2016-09-04
仁剑震音扬	2	1	0	0	0	1	1	2016-09-04
拉轰小女子	2	0.5	0	1	0	1	1	2016-09-04
苏窈	2	0	0	0	1	1	1	2016-09-04
轻狂小柒	2	0.5	0	1	0	1	1	2016-09-04
童话话	2	1	0	0	0	1	1	2016-09-04
言白衣	2	0	0	1	0	1	1	2016-09-04
太白三圣	2	0	0	0	0	0	0	2016-09-04
大光明里凤凰现	2	0	0	0	0	0	0	2016-09-04
惬兮	2	0	0	0	0	0	0	2016-09-04
孤影惊残梦	2	0	0	0	0	0	0	2016-09-04
毒情	2	0	0	0	0	0	0	2016-09-04
娜迦海妖	2	0	0	0.5	0	0	0	2016-09-04
一只萌正太丶	2	0	0	0	0	0	0	2016-09-04
卖萌的麦兜	2	0	0	0	0	0	0	2016-09-04
裴述	2	0.5	0	0	0	0	0	2016-09-04
锦綉繁华空城梦	2	0	0	0	0	0	0	2016-09-04
小马的天	2	0	0	0	0	0	0	2016-09-04
友善的大夫	2	0	0	0	0	0	0	2016-09-04
落墨点淸颜	2	0	0	0	0	0	0	2016-09-04
肾亏道人	2	0	0	0	0	0	0	2016-09-04
墨殇浅辰	2	0	0	0	0	0	0	2016-09-04
雪域星空	2	0	0	0	0	0	0	2016-09-04
咲冭陽	2	0	0	0	0	0	0	2016-09-04
花丶妃	2	0	0	0	0	0	0	2016-09-04
君无亦	2	0	0	0	0	0	0	2016-09-04
撑起雨伞	2	0	0	0	0	0	0	2016-09-04
凱蒂喵	2	0	0	0	0	0	0	2016-09-04
不爱喝芬达	2	0	0	0	0	0	0	2016-09-04
千虚羽	2	0	0	0	0	0	0	2016-09-04
姬如影	2	0	0	0	0	0	0	2016-09-04
丶天刀第一毒	2	0	0	0	0	0	0	2016-09-04
回忆不曾悲伤	2	0.5	0	0	0	0	0	2016-09-04
凤栖梧桐叶	2	0	0	0	0	0	0	2016-09-04
圈圈	2	0.5	0	0	0	0	0	2016-09-04
诸天花雨	2	0	0	0	0	0	0	2016-09-04
柏定隐	2	0	0	0	0	0	0	2016-09-04
清风不染尘	2	0	0	0	0	0	0	2016-09-04
寶寶兒	2	0	0	0	0	0	0	2016-09-04
丶七七七七夜	2	0	0	0	0	0	0	2016-09-04
不爱喝雪碧	2	0	0	0	0	0	0	2016-09-04
忆在	2	0	0	0	0	0	0	2016-09-04
叫我鱼塘总裁丶	2	0	0	0	0	0	0	2016-09-04
红毛	2	0	0	0	0	0	0	2016-09-04
小雪妖	2	0.5	0	0	0	0	0	2016-09-04
北城初夏	2	0	0	0	0	0	0	2016-09-04
永恒永远十八岁	2	0	0	0	0	0	0	2016-09-04
琴瑟风声绝	2	0.5	0	0	0	0	0	2016-09-04
白菜子	2	0	0	0	0	0	0	2016-09-04
怒怒怒怒火	2	0.5	0	0	0	0	0	2016-09-04
愿深情不被枉负	2	0	0	0	0	0	0	2016-09-04
一洛水一	2	0	0	0	0	0	0	2016-09-04
洛小洛丶	2	0	0	0	0	0	0	2016-09-04
电车丶痴汉	2	0	0	0	0	0	0	2016-09-04
坤哥的私宠	2	0	0	0	0	0	0	2016-09-04
我讨厌用名字	2	0	0	0	0	0	0	2016-09-04
公子丶熙	2	0	0	0	0	0	0	2016-09-04
蛋蛋大侠丨	2	0	0	0	0	0	0	2016-09-04
不想昵称	2	0	0	0	0	0	0	2016-09-04
萝莉添棒棒糖嘛	2	0	0	0	0	0	0	2016-09-04
醉戏美人	2	0	0	0	0	0	0	2016-09-04
乞丐也能很强	2	0	0	0	0	0	0	2016-09-04
闻素问	2	0	0	0	0	0	0	2016-09-04
青梅淡煮酒	2	0	0	0	0	0	0	2016-09-04
就要呵呵哒丶	2	0	0	0	0	0	0	2016-09-04
落落清歡丶	2	0	0	0	0	0	0	2016-09-04
毅生有妮丶	2	0	0	0	0	0	0	2016-09-04
今朝望月	2	0	0	0	0	0	0	2016-09-04
刀灵媛	2	0	0	0	0	0	0	2016-09-04
樱滿集丶	2	0	0	0	0	0	0	2016-09-04
世无休	2	0	0	0	0	0	0	2016-09-04
阿锟猫	2	0	0	0	0	0	0	2016-09-04
几许悲欢几多愁	2	0	0	0	0	0	0	2016-09-04
神威小枪将	2	0	0	0	0	0	0	2016-09-04
些许	2	0	0	0	0	0	0	2016-09-04
火之鸟	2	0	0	0	0	0	0	2016-09-04
小女儿可可	2	0	0	0	0	0	0	2016-09-04
一花无缺一	2	0	0	0	0	0	0	2016-09-04
笛梦一秋	2	0	0	0	0	0	0	2016-09-04
糖糖哒	2	0	0	0	0	0	0	2016-09-04
红尘落雪月无痕	2	0	0	0	0	0	0	2016-09-04
尧辛	2	0	0	0	0	0	0	2016-09-04
ZzEvi11qRuxi	2	0	0	0	0	0	0	2016-09-04
榴莲水果硬糖	2	0	0	0	0	0	0	2016-09-04
澄汁	2	0	0	0	0	0	0	2016-09-04
唐糖～	2	0	0	0	0	0	0	2016-09-04
闭月羞	2	0	0	0	0	0	0	2016-09-04
魅丿无情	2	0	0	0	0	0	0	2016-09-04
轻笑忘	2	0	0	0	0	0	0	2016-09-04
沉渔落丶雁	2	0	0	0	0	0	0	2016-09-04
董汉卿	2	0	0	0	0	0	0	2016-09-04
楚歌柔	2	0	0	0	0	0	0	2016-09-04
红颜痴情笑	2	0	0	0	0	0	0	2016-09-04
徐海丶骚猪	2	0	0	0	0	0	0	2016-09-04
李心武	2	0	0	0	0	0	0	2016-09-04
就叫玫瑰吧	2	0	0	0	0	0	0	2016-09-04
ParTing丶R	2	0	0	0	0	0	0	2016-09-04
绑定小蜜的	2	0	0	0	0	0	0	2016-09-04
飞雪如霜	2	0	0	0	0	0	0	2016-09-04
刃歌	2	0	0	0	0	0	0	2016-09-04
殇如此忧伤	2	0	0	0	0	0	0	2016-09-04
冬凝寒	2	0	0	0	0	0	0	2016-09-04
月影粟	2	0	0	0	0	0	0	2016-09-04
凡哥的父亲	2	0	0	0	0	0	0	2016-09-04
友善的若云	2	0	0	0	0	0	0	2016-09-04
丿慕容晚枫	2	0	0	0	0	0	0	2016-09-04
晗刈	2	0	0	0	0	0	0	2016-09-04
叶舫庭	2	0	0	0	0	0	0	2016-09-04
狂砍亿条街	2	0	0	0	0	0	0	2016-09-04
Actors丶纤旧	2	0	0	0	0	0	0	2016-09-04
倾国不倾城	2	0	0	0	0	0	0	2016-09-04
染琴	2	0	0	0	0	0	0	2016-09-04
手中玫瑰赠予谁	2	0	0	0	0	0	0	2016-09-04
纳加法	2	0	0	0	0	0	0	2016-09-04
星雷	2	0	0	0	0	0	0	2016-09-04
魔仙堡小公举	3	3.5	2	1	1	7	6	2016-09-04
青骢绝骑塑天荒	3	3	1	1	2	7	6	2016-09-04
午时已到小叨叨	3	2	0	1	3	6	6	2016-09-04
徐婧懿	3	3	1	1	1	6	6	2016-09-04
艾莉亞史塔克	3	2.5	2	0.5	1	6	6	2016-09-04
框框	3	3	2	1	0	6	6	2016-09-04
荡荡	3	2	2	1	1	6	6	2016-09-04
水影悠兰	3	3.5	2	1	0	6	6	2016-09-04
那年红颜	3	2.5	2	2	0	6	6	2016-09-04
奶小牛丶	3	2	2	1	0	5	5	2016-09-04
煌煌	3	3	1	1	0	5	5	2016-09-04
潇洒仗剑天下	3	3	1	1	0	5	5	2016-09-04
此情珂待	3	3.5	1	1	0	5	5	2016-09-04
冉灬子墨	3	0	2	1	1	4	4	2016-09-04
伊贰叁	3	2.5	0	1	1	4	4	2016-09-04
青羽墨染云	3	3	0	1	0	4	4	2016-09-04
凛柒っ	3	1.5	1	1	1	4	4	2016-09-04
等我出轻语	3	3	0	1	0	4	4	2016-09-04
冷清语	3	2.5	2	0	0	4	4	2016-09-04
魔法少女杜芸松	3	2	0	1	1	4	4	2016-09-04
关翔予	3	2	2	0	0	4	4	2016-09-04
紫雨幽雲	3	1.5	1	1	0	3	3	2016-09-04
冷晓汐丶	3	2.5	0	1	0	3	3	2016-09-04
木易丶凝烟	3	2	1	0	0	3	3	2016-09-04
叶企鹅	3	1	1	1	0	3	3	2016-09-04
空虚公子萧四无	3	2	0	1	0	3	3	2016-09-04
东风路三狗蛋	3	2.5	0	1	0	3	3	2016-09-04
神锤开山大梵天	3	2.5	0	1	0	3	3	2016-09-04
七情剑伶慕容英	3	1.5	0	0	1	2	2	2016-09-04
帅气无敌康爸爸	3	1.5	0	0	1	2	2	2016-09-04
青丝如沫	3	1	0	1	0	2	2	2016-09-04
浩浩丶浩	3	1.5	1	0	0	2	2	2016-09-04
何月凡	3	1.5	0	1	0	2	2	2016-09-04
山高丶木易	3	1.5	1	0	0	2	2	2016-09-04
刀之芳华	3	0.5	0	1	1	2	2	2016-09-04
那年今若、	3	0.5	1	1	0	2	2	2016-09-04
蝶舞旧梦	3	1	1	0	0	2	2	2016-09-04
墨炽	3	1.5	0	1	0	2	2	2016-09-04
苍镜	3	1.5	0	1	0	2	2	2016-09-04
夜冥雪	3	0	1	0	1	2	2	2016-09-04
纯洁友善的殇	3	1	0	0	1	2	2	2016-09-04
之绵	3	1	0	0	1	2	2	2016-09-04
紫舞流年	3	0	1	1	0	2	2	2016-09-04
踏马清月夜	3	1	1	0	0	2	2	2016-09-04
之锦	3	0	0	0	1	1	1	2016-09-04
㏑ゞ初心ノ	3	0	0	0	1	1	1	2016-09-04
东瀛浪人展梦魂	3	1.5	0	0	0	1	1	2016-09-04
蠢小椰丶	3	0	1	0	0	1	1	2016-09-04
花落时节与君别	3	0.5	0	0.5	0	1	1	2016-09-04
青城爱未恋	3	1	0	0.5	0	1	1	2016-09-04
顾寻清	3	0	1	0	0	1	1	2016-09-04
濯清莲而不妖	3	0.5	0	1	0	1	1	2016-09-04
唐舞桐灬	3	0	0	1	0	1	1	2016-09-04
志方	3	1	0	0	0	1	1	2016-09-04
白析	3	1.5	0	0	0	1	1	2016-09-04
小心有诈哦	3	0.5	0	1	0	1	1	2016-09-04
丶吴宇森	3	0	0	1	0	1	1	2016-09-04
天下芒果	3	0	1	0	0	1	1	2016-09-04
冷语情	3	0	0	0	1	1	1	2016-09-04
绝影鬼斩苗天王	3	1	0	0	0	1	1	2016-09-04
司寇听雨	3	0	1	0	0	1	1	2016-09-04
叶菡	3	0	0	1	0	1	1	2016-09-04
徐耶比	3	0	0	0	0	0	0	2016-09-04
青春亮丽欣妈妈	3	0	0	0	0	0	0	2016-09-04
东风路大狗蛋	3	0	0	0	0	0	0	2016-09-04
彼眸	3	0	0	0	0	0	0	2016-09-04
月下魂兮	3	0.5	0	0	0	0	0	2016-09-04
伐青	3	0	0	0	0	0	0	2016-09-04
最可爱的师姐	3	0	0	0	0	0	0	2016-09-04
纯洁友善的神刀	3	0	0	0	0	0	0	2016-09-04
莫倾城灬	3	0	0	0	0	0	0	2016-09-04
乏乏	3	0	0	0	0	0	0	2016-09-04
剣殊雨寒丶	3	0	0	0	0	0	0	2016-09-04
神奇宝贝杨尼玛	3	0	0	0	0	0	0	2016-09-04
九袋丐	3	0	0	0	0	0	0	2016-09-04
二狗娃	3	0	0	0	0	0	0	2016-09-04
好想告诉伱	3	0	0	0	0	0	0	2016-09-04
落花丶醉	3	0	0	0	0	0	0	2016-09-04
雨落、伤	3	0	0	0	0	0	0	2016-09-04
赤月染红尘	3	0	0	0	0	0	0	2016-09-04
尽余年。	3	0	0	0	0	0	0	2016-09-04
迷茫中徘徊	3	0	0	0	0	0	0	2016-09-04
小兔兔几	3	0	0	0	0	0	0	2016-09-04
风暖伤	3	0	0	0	0	0	0	2016-09-04
二瞳	3	0	0	0	0	0	0	2016-09-04
转身落尽空城泪	3	0	0	0	0	0	0	2016-09-04
叶枫刃	3	0	0	0	0	0	0	2016-09-04
马来西亚的咪咪	3	0	0	0	0	0	0	2016-09-04
Yada丶leo	3	0	0	0	0	0	0	2016-09-04
萝卜土豆丝	3	0	0	0	0	0	0	2016-09-04
追风少年鹰老七	3	0	0	0	0	0	0	2016-09-04
琴小蓝	3	0	0	0	0	0	0	2016-09-04
伊似君心	3	0	0	0	0	0	0	2016-09-04
祠下	3	0	0	0	0	0	0	2016-09-04
翩翩少年灬析	3	0.5	0	0	0	0	0	2016-09-04
夜雨流年	3	0	0	0	0	0	0	2016-09-04
一丿登	3	0	0	0	0	0	0	2016-09-04
微澜〃	3	0	0	0	0	0	0	2016-09-04
潋澄丶	3	0	0	0	0	0	0	2016-09-04
凋零之光	3	0	0	0	0	0	0	2016-09-04
月牙冲天	3	0	0	0	0	0	0	2016-09-04
入梦落樱满熏香	3	0	0	0	0	0	0	2016-09-04
炖猪肘丶	3	0	0	0	0	0	0	2016-09-04
伱的酒窝没有酒	3	0	0	0	0	0	0	2016-09-04
宫离嫣	3	0	0	0	0	0	0	2016-09-04
琉璃千雪	3	0	0	0	0	0	0	2016-09-04
友善的小内衣	3	0	0	0	0	0	0	2016-09-04
歌风路丶三狗蛋	3	0	0	0	0	0	0	2016-09-04
柒果果	3	0	0	0	0	0	0	2016-09-04
其实是句号	3	0	0	0	0	0	0	2016-09-04
洪时雪	3	0	0	0	0	0	0	2016-09-04
Yennefer	3	0	0	0	0	0	0	2016-09-04
茶凉言尽丶	3	0	0	0	0	0	0	2016-09-04
瑶君	3	0	0	0	0	0	0	2016-09-04
纯洁友善的暮夏	3	0.5	0	0	0	0	0	2016-09-04
可爱琳	3	0	0	0	0	0	0	2016-09-04
妄于	3	0	0	0	0	0	0	2016-09-04
阿翔翔	3	0	0	0	0	0	0	2016-09-04
彡电竞丿柯南乄	3	0	0	0	0	0	0	2016-09-04
恶酒。	3	0	0	0	0	0	0	2016-09-04
水红芍	3	0	0	0	0	0	0	2016-09-04
冬瓜小荞	3	0	0	0	0	0	0	2016-09-04
丶大航母	3	0	0	0	0	0	0	2016-09-04
五六柒	3	0	0	0	0	0	0	2016-09-04
嚜韵轩華	3	0	0	0	0	0	0	2016-09-04
燕雨莲	3	0	0	0	0	0	0	2016-09-04
锦衣卫知秋	3	0	0	0	0	0	0	2016-09-04
项辰帝	3	0	0	0	0	0	0	2016-09-04
一息衍一	3	0	0	0	0	0	0	2016-09-04
储舜	3	0	0	0	0	0	0	2016-09-04
Sunnyboy丶桔子	3	0	0	0	0	0	0	2016-09-04
纯情少妇马芳玲	3	0	0	0	0	0	0	2016-09-04
冉灬子灬墨	3	0	0	0	0	0	0	2016-09-04
教堂里听丿情歌	3	0	0	0	0	0	0	2016-09-04
如酒如清歌ゎ	4	2.5	1	1	3	7	6	2016-09-04
拌蠢蠢	4	3.5	2	1	1	7	6	2016-09-04
夜白衣	4	2.5	1	1	2	6	6	2016-09-04
襄州牛头梗	4	3	2	1	0	6	6	2016-09-04
沐浠尘	4	2	2	1	0	5	5	2016-09-04
如狂如啸歌ゎ	4	2.5	1	1	1	5	5	2016-09-04
口味太怪	4	3.5	1	1	0	5	5	2016-09-04
佚名。	4	2	2	1	0	5	5	2016-09-04
树儿高高长	4	2.5	0	1	2	5	5	2016-09-04
执劍小书生	4	2.5	2	0	1	5	5	2016-09-04
茴香。	4	3	1	1	0	5	5	2016-09-04
竹暮沐酒笙	4	2	1	1	0	4	4	2016-09-04
鱼香	4	2.5	1	1	0	4	4	2016-09-04
墨萧炎	4	2	0	1	1	4	4	2016-09-04
再见是否红着脸	4	2	0	1	1	4	4	2016-09-04
荆轲已逝高渐离	4	1.5	2	1	0	4	4	2016-09-04
如梦如挽歌ゎ	4	3.5	0	1	0	4	4	2016-09-04
在下唐言	4	3	1	0	0	4	4	2016-09-04
倔强的小屁股	4	0	2	1	1	4	4	2016-09-04
丐帮汪剑通	4	3.5	0	1	0	4	4	2016-09-04
素以折扇	4	1.5	1	0	1	3	3	2016-09-04
FateLibra	4	0.5	2	1	0	3	3	2016-09-04
天语灬幻影	4	2	0	1	0	3	3	2016-09-04
晓月梦澈	4	2.5	0	1	0	3	3	2016-09-04
超人不会飞〃	4	2.5	0	1	0	3	3	2016-09-04
汪映雪	4	2	0	1	0	3	3	2016-09-04
如殇如暮歌ゎ	4	2.5	0	1	0	3	3	2016-09-04
如清如影歌ゎ	4	2.5	0	0	1	3	3	2016-09-04
剑惜玉	4	2.5	1	0	0	3	3	2016-09-04
胡大力	4	1	0	0	2	3	3	2016-09-04
苏幕清	4	2	0	0	0	2	2	2016-09-04
FateScorpio	4	0.5	1	1	0	2	2	2016-09-04
倦岫风眠	4	1	0	1	0	2	2	2016-09-04
白微薇	4	1	0	1	0	2	2	2016-09-04
伴之则暖。	4	0	2	0	0	2	2	2016-09-04
时光不矜持	4	2	0	0	0	2	2	2016-09-04
薛无衡	4	1.5	0	1	0	2	2	2016-09-04
黑泽丶纱重	4	1.5	0	1	0	2	2	2016-09-04
如梦如幻歌ゎ	4	1.5	0	1	0	2	2	2016-09-04
惜玉挽轻裳	4	1.5	1	0	0	2	2	2016-09-04
黑泽丶八重	4	1	0	1	0	2	2	2016-09-04
酒倾轻竹影	4	1	0	1	0	2	2	2016-09-04
陌路莫回	4	0	0	0	1	1	1	2016-09-04
明茗馨	4	0	0	0	1	1	1	2016-09-04
慕榕月	4	0	1	0	0	1	1	2016-09-04
C丶C丶	4	0.5	0	0	1	1	1	2016-09-04
颂碑寒	4	0	0	1	0	1	1	2016-09-04
邱少	4	0	0	1	0	1	1	2016-09-04
浮生半日	4	0	1	0	0	1	1	2016-09-04
太子彬	4	1	0	0	0	1	1	2016-09-04
半日丶浮生	4	1	0	0	0	1	1	2016-09-04
巴蜀萨摩耶	4	0.5	0	1	0	1	1	2016-09-04
花儿盛盛开	4	1	0	0	0	1	1	2016-09-04
兮颜洛水	4	0	0	0	1	1	1	2016-09-04
狄万钧	4	0	1	0	0	1	1	2016-09-04
万年孤独	4	1.5	0	0	0	1	1	2016-09-04
冬眠的团子	4	0	0	1	0	1	1	2016-09-04
秦川吉娃娃	4	0.5	0	1	0	1	1	2016-09-04
曲终无意	4	0	0	1	0	1	1	2016-09-04
东越雪纳瑞	4	0	0	1	0	1	1	2016-09-04
遇之则感。	4	0	1	0	0	1	1	2016-09-04
务必叫我欧皇	4	0	0	0	0	0	0	2016-09-04
辉煌PT	4	0	0	0	0	0	0	2016-09-04
丶薛日天	4	0	0	0	0	0	0	2016-09-04
守护锋	4	0.5	0	0	0	0	0	2016-09-04
冷凝香。	4	0	0	0	0	0	0	2016-09-04
如慕如幽歌ゎ	4	0	0	0	0	0	0	2016-09-04
离尝	4	0	0	0	0	0	0	2016-09-04
大大大大西瓜丶	4	0	0	0	0	0	0	2016-09-04
拥之则安。	4	0	0	0	0	0	0	2016-09-04
咸鱼天香	4	0	0	0	0	0	0	2016-09-04
回头我就在身后	4	0	0	0	0	0	0	2016-09-04
雪遥	4	0	0	0	0	0	0	2016-09-04
神丶陌上微光	4	0	0	0	0	0	0	2016-09-04
笑看浮华红尘事	4	0	0	0	0	0	0	2016-09-04
慕瑾遥	4	0	0	0	0	0	0	2016-09-04
、陌上看花	4	0	0	0	0	0	0	2016-09-04
柠小檬丶	4	0	0	0	0	0	0	2016-09-04
〆连翘	4	0	0	0	0	0	0	2016-09-04
真爱一定有颜色	4	0	0	0	0	0	0	2016-09-04
冷沐瞳	4	0	0	0	0	0	0	2016-09-04
无爱别演	4	0	0	0	0	0	0	2016-09-04
钟离三昧	4	0	0	0	0	0	0	2016-09-04
千雪冰鳳	4	0	0	0	0	0	0	2016-09-04
冷汐宇	4	0	0	0	0	0	0	2016-09-04
慕城雪	4	0	0	0	0	0	0	2016-09-04
一叶知秋づ	4	0	0	0	0	0	0	2016-09-04
逍遥芙蕖	4	0	0	0	0	0	0	2016-09-04
榕月	4	0	0	0	0	0	0	2016-09-04
月夜凉	4	0	0	0	0	0	0	2016-09-04
男人应有的自豪	4	0.5	0	0	0	0	0	2016-09-04
丶天蓝色	4	0	0	0	0	0	0	2016-09-04
梨花黛雨	4	0	0	0	0	0	0	2016-09-04
淡然置之	4	0	0	0	0	0	0	2016-09-04
夏又離	4	0	0	0	0	0	0	2016-09-04
红丶雪	4	0	0	0	0	0	0	2016-09-04
格里斯贝恩	4	0	0	0	0	0	0	2016-09-04
F丨小乖	4	0	0	0	0	0	0	2016-09-04
浪哩个浪	4	0	0	0	0	0	0	2016-09-04
烈凝风	4	0	0	0	0	0	0	2016-09-04
丶神楽	4	0	0	0	0	0	0	2016-09-04
唐卿凝	4	0	0	0	0	0	0	2016-09-04
秦友善。	4	0	0	0	0	0	0	2016-09-04
郭蝈蝈	4	0	0	0	0	0	0	2016-09-04
余夜阑珊	4	0	0	0	0	0	0	2016-09-04
易小川	4	0	0	0	0	0	0	2016-09-04
凉山伯	4	0	0	0	0	0	0	2016-09-04
偌米粥丶	4	0	0	0	0	0	0	2016-09-04
语丶殇	4	0	0	0	0	0	0	2016-09-04
樱桃さま	4	0	0	0	0	0	0	2016-09-04
葉窕	4	0	0	0	0	0	0	2016-09-04
琉璎	4	0	0	0	0	0	0	2016-09-04
甄心	4	0	0	0	0	0	0	2016-09-04
辉辉辉辉丶輝	4	0	0	0	0	0	0	2016-09-04
雪糕失望	4	0	0	0	0	0	0	2016-09-04
鱼爸爸	4	0	0	0	0	0	0	2016-09-04
琴韵红衣丶心	4	0	0	0	0	0	0	2016-09-04
神威司空阿龙	4	0	0	0	0	0	0	2016-09-04
企及	4	0	0	0	0	0	0	2016-09-04
萧劲城	4	0	0	0	0	0	0	2016-09-04
檀羽冲	4	0	0	0	0	0	0	2016-09-04
Jocelyn	4	0	0	0	0	0	0	2016-09-04
墨語丶	4	0	0	0	0	0	0	2016-09-04
叶天簌	4	0	0	0	0	0	0	2016-09-04
千怀	4	0	0	0	0	0	0	2016-09-04
别碰我的葫芦	4	0	0	0	0	0	0	2016-09-04
灵梦小妖	4	0	0	0	0	0	0	2016-09-04
安好晴天	4	0	0	0	0	0	0	2016-09-04
sad自行车	4	0	0	0	0	0	0	2016-09-04
神威再见	4	0	0	0	0	0	0	2016-09-04
暮小曦丶	4	0	0	0	0	0	0	2016-09-04
壬生京大郎	4	0	0	0	0	0	0	2016-09-04
丶忍野咩咩	4	0	0	0	0	0	0	2016-09-04
上官妙玥	4	0	0	0	0	0	0	2016-09-04
君i陌离	4	0	0	0	0	0	0	2016-09-04
从前玩真武	4	0	0	0	0	0	0	2016-09-04
太白洗衣液	4	0	0	0	0	0	0	2016-09-04
丐帮金鹏长老	4	0	0	0	0	0	0	2016-09-04
皈依奶小牛丶	4	0	0	0	0	0	0	2016-09-04
鹅几	4	0	0	0	0	0	0	2016-09-04
泪忆寒、	4	0	0	0	0	0	0	2016-09-04
超懒的阿元呀	4	0	0	0	0	0	0	2016-09-04
容子欢	4	0	0	0	0	0	0	2016-09-04
