1 紫雨幽雲 1747 1837
2 拌蠢蠢 1617 1677
3 Mn丶猫猫君 1429 1435
4 框框 1395 1407
5 奥利奥。巧轻脆 1369 1369
6 Angelミ墨娘彡 1246 1326
7 素蝶 1322 1322
8 安好晴天 1248 1270
9 折扇浪漫 1167 1261
10 咸鱼天香 1155 1259
11 張君雅。 1225 1245
12 零拾 1147 1203
13 只想做个好人 1143 1199
14 太极至尊 1122 1194
15 南宫絮语 1160 1178
16 白芹 1098 1172
17 花谢人凋零。 1029 1171
18 木易丶凝烟 1134 1162
19 江湖多寂莫丶人 1135 1157
20 尐浣熊。 1027 1149
21 太子彬 1066 1140
22 薄霭 1121 1137
23 沐浠尘 1067 1133
24 除了帅还有酷 1121 1129
25 一人一枪闯九州 1070 1126
26 夜白衣 1092 1120
27 墨河 1051 1109
28 冷晓汐丶 1058 1092
29 逍遥芙蕖 1075 1089
30 大眼睛秋秋 1042 1086
31 冷霜刃 1062 1080
32 在下唐言 1022 1072
33 薛无衡 1037 1067
34 椛灯 994 1050
35 墨韵轩华 994 1046
36 魔法少女杜芸松 969 1037
37 水影悠兰 1002 1030
38 七情剑伶慕容英 984 1026
39 空虚公子萧四无 970 1026
40 神威再见 964 1020
41 俱利摩 940 1018
42 √蓝莓巧克力丶 1009 1009
43 年瑾倾城玉蝴蝶 988 1000
44 怒怒怒怒火 964 986
45 冉灬子墨 945 985
46 纯洁友善的暮夏 939 983
47 甄心 923 979
48 超人不会飞〃 924 974
49 洪时雪 930 972
50 守护锋 881 969
51 浪迹小秦 927 967
52 叶菡 934 956
53 楪夢 933 955
54 白易轩 899 949
55 那年红颜 913 945
56 煌煌 867 941
57 此情珂待 903 931
58 沐伯乾 897 925
59 异逍遥 843 915
60 语丶殇 899 915
61 再见是否红着脸 886 914
62 陈凌风 892 912
63 余子乔丶 886 910
64 小阿淮呀 826 908
65 泪忆寒、 890 908
66 逸仙丶王爷 839 907
67 青丝枫凌 881 907
68 在下唐银 865 903
69 曲终无意 846 900
70 迷茫中徘徊 858 900
71 丶伴我几度 856 894
72 暮雪醉逍遥 874 884
73 鱼香 825 883
74 独孤杀生 859 873
75 墨炽 793 869
76 白析 846 864
77 童话话 831 843
78 凛柒っ 804 838
79 东风路三狗蛋 796 830
80 北城初夏 808 818
81 荡荡 805 813
82 伊贰叁 765 803
83 潇洒仗剑天下 767 799
84 惜玉挽轻裳 785 787
85 等我出轻语 764 786
86 小阿鏡 767 783
87 执劍小书生 670 782
88 SouLmAte、小狼 734 780
89 艾莉亞史塔克 766 776
90 吕小栋 745 769
91 叶枫刃 754 764
92 破烂刀客 750 756
93 鱼小小 729 749
94 帅气无敌康爸爸 704 746
95 晓月梦澈 743 743
96 梓珏 713 721
97 GoldㅈExperie 648 718
98 浪琴 697 715
99 夜冥雪 695 713
100 顾寻清 677 697
101 榕月 690 692
102 其实想玩刀客 674 688
103 ޓ一梦换须臾 635 673
104 墨萧炎 535 645
105 FateScorpio 586 626
106 青骢绝骑塑天荒 598 620
107 晓晨晨晨 583 599
108 秋末黑白 560 576
109 这下可好啦 528 572
110 吾寄愁心与明月 471 475
111 与尔同销萬古愁 326 352
112 纳加法 346 348
113 淺笙 342 346
114 梦觞丶 312 314
115 琴瑟愿与 297 307
116 汪映雪 198 200
117 苏幕清 167 169
118 蛋蛋疍 79 85
119 关翔予 69 77
120 花兮兮兮兮 0 0
1 那年今若、 656 674
2 刀无回 354 356
3 丶天蓝色 254 256
4 ￣放空 237 251
5 奶小牛丶 3 9
6 山高丶木易 3 3
7 丐帮萌主 2 2
8 的韩国已经 2 2
9 唐糖～ 1 1
10 丐帮汪剑通 1 1
11 百里轩翊 0 0
12 丿几度度丶 0 0
13 娇软の小屁股 0 0
14 踏马清月夜 0 0
15 芍药児 0 0
16 苍镜 0 0
17 诸葛炎炎 0 0
18 翩翩少年灬析 0 0
19 蝶舞旧梦 0 0
20 神荼夜 0 0
21 八块腹肌小官人 0 0
22 Yada丶leo 0 0
