1 框框 1499 1575
2 拌蠢蠢 1529 1565
3 素蝶 1453 1453
4 紫雨幽雲 1310 1360
5 奶小牛丶 1335 1359
6 ＊团灭专用奶 1275 1333
7 魔法少女杜芸松 1220 1280
8 神奇宝贝杨尼玛 1200 1256
9 折扇浪漫 1182 1244
10 墨萧炎 1181 1241
11 花兮兮兮兮 1125 1239
12 薄霭 1176 1222
13 空虚公子萧四无 1166 1220
14 胡大力 1173 1215
15 梦觞丶 1176 1214
16 青羽墨染云 1162 1214
17 南宫絮语 1163 1201
18 古巷烟雨断桥殇 1131 1199
19 只想做个好人 1125 1191
20 在下唐银 1143 1187
21 开封拍卖行 1129 1183
22 等风与你 1176 1180
23 诸天花雨 1114 1170
24 东风路三狗蛋 1141 1167
25 娇软の小屁股 1090 1162
26 夜白衣 1137 1159
27 沐浠尘 1109 1157
28 FateScorpio 1132 1146
29 我讨厌用名字 1086 1130
30 ＊蘭先森 1087 1129
31 再见是否红着脸 1105 1123
32 五六柒 1093 1099
33 南眸 1053 1097
34 洪时雪 1058 1096
35 叶菡 1035 1093
36 与尔同销萬古愁 1020 1092
37 怒怒怒怒火 1047 1087
38 帅气无敌康爸爸 1031 1069
39 其实想玩刀客 1022 1064
40 这下可好啦 993 1061
41 墨河 1006 1052
42 雙生逐梦 1011 1049
43 太极至尊 980 1044
44 此情珂待 1022 1042
45 Mn丶猫猫君 972 1016
46 追风少年鹰老七 999 1013
47 冷晓汐丶 955 1013
48 淡若清风過丶 981 1013
49 水影悠兰 980 1010
50 月下魂兮 970 998
51 倾舞情儿 949 997
52 逍遥乀斌斌 970 996
53 花谢人凋零。 911 993
54 何月凡 966 992
55 凌渃尘 956 986
56 明年今日奕十年 954 984
57 晓月梦澈 966 966
58 酒倾轻竹影 895 965
59 潇洒仗剑天下 935 957
60 任离流 932 954
61 北城初夏 944 954
62 丶忍野咩咩 917 951
63 神威再见 899 937
64 墨韵轩华 900 932
65 大眼睛秋秋 899 929
66 FateLibra 904 926
67 那年今若、 867 925
68 浪迹小秦 893 917
69 伊贰叁 871 905
70 童话话 893 901
71 在下唐言 881 901
72 SouLmAte、小狼 863 895
73 套套嗷呜 854 894
74 盖世呆头洋 874 892
75 暮雪醉逍遥 880 890
76 鱼香 833 883
77 零拾 823 871
78 树儿高高长 831 861
79 曲终无意 830 850
80 殇月未觞 814 834
81 蛋蛋疍 812 826
82 七情剑伶慕容英 772 802
83 冬凝寒 761 789
84 蝶舞旧梦 777 781
85 GoldㅈExperie 752 780
86 甄心 737 763
87 丿几度度丶 704 724
88 鱼小小 676 688
89 姬如影 608 626
90 淺笙 589 613
91 独孤杀生 558 558
92 橙橙喵呜 525 537
93 凯贼阔里 504 526
94 乌莲娜 498 504
95 吕小栋 481 495
96 一人一枪闯九州 455 459
97 丶初馨 440 452
98 天下芒果 437 445
99 榕月 416 422
100 雪糕失望 310 334
101 执劍小书生 288 296
102 踏马清月夜 219 219
103 顾寻清 201 203
104 艾莉亞史塔克 113 113
105 苍镜 96 104
106 冬瓜小荞 36 38
107 白析 4 4
108 椛灯 2 2
109 荆轲已逝高渐离 2 2
110 丶天蓝色 2 2
111 百里轩翊 1 1
112 守护锋 0 0
113 唐舞桐灬 0 0
114 荡荡 0 0
115 那年红颜 0 0
116 等我出轻语 0 0
