1 灬醉丨雲嫣 3 9
2 太极至尊 1 3
3 丿几度度丶 1 3
4 荡荡 1 3
5 池小猫 1 1
6 毕夏有毓 1 1
7 方得始終 1 1
8 百里轩翊 0 0
9 伐青 0 0
10 青羽墨染云 0 0
11 洪时雪 0 0
12 零拾 0 0
13 丶她有清喉 0 0
14 任离流 0 0
15 顾北歌寒 0 0
16 言柳 0 0
17 时辰信叁 0 0
18 紫雨幽雲 0 0
19 笑看丶天下 0 0
20 ′浪浪 0 0
21 为君丶祭酒 0 0
22 一直梨花压海棠 0 0
23 再见是否红着脸 0 0
24 机智勇敢的小猪 0 0
25 乌莲娜 0 0
26 守护锋 0 0
27 煌煌 0 0
28 机智勇敢的小吊 0 0
29 胡大力 0 0
30 小阿淮呀 0 0
31 唐舞桐灬 0 0
32 一暮夏一 0 0
33 甄心 0 0
34 艾莉亞史塔克 0 0
35 巡山的人 0 0
36 一曲天涯醉月光 0 0
37 蝶舞旧梦 0 0
38 怒怒怒怒火 0 0
39 夏木 0 0
40 墨河 0 0
41 鱼香 0 0
42 诸天花雨 0 0
43 叁岁丶 0 0
44 池小晚 0 0
45 古巷烟雨断桥殇 0 0
46 落花丶醉 0 0
47 栀梦深然 0 0
48 一曲天涯炸大肠 0 0
49 儒丶张良 0 0
50 机智勇敢的小兔 0 0
51 蚩尤魔人 0 0
52 凯 0 0
53 乐璟 0 0
54 一人一枪闯九州 0 0
55 骄傲的龙王丶 0 0
56 紫舞流年 0 0
57 框框 0 0
58 全城竟是小白兔 0 0
59 墨韵轩华 0 0
60 维多利亚真眼 0 0
61 狂灬黑 0 0
62 仑吾山、盖聂 0 0
63 Tusy 0 0
64 陌路莫回 0 0
65 昔昔 0 0
66 一抹煙雨落繁華 0 0
67 殇月未觞 0 0
68 冷晓汐丶 0 0
69 潇洒仗剑天下 0 0
70 知南茶清 0 0
71 凡哥的祖父 0 0
72 唐初訫 0 0
73 ＊下水道的白 0 0
74 飘渺磊 0 0
75 淺笙 0 0
76 心念旧人颜 0 0
77 ＊下水道的威 0 0
78 一曲天涯梦未远 0 0
79 亲爱的未闻花名 0 0
80 拌饭萌面酥 0 0
81 其实想玩刀客 0 0
82 奶小牛丶 0 0
83 机智勇敢的小浪 0 0
84 青衫逝 0 0
85 东风路三狗蛋 0 0
86 梦觞丶 0 0
87 纯洁友善的殇 0 0
88 美人倾城 0 0
89 那年红颜 0 0
90 等风与你 0 0
91 木易丶凝烟 0 0
92 青城爱未恋 0 0
93 无名唐大夫 0 0
94 帅气无敌康爸爸 0 0
95 踏马清月夜 0 0
96 男人应有的自豪 0 0
97 风暖伤 0 0
98 山高丶木易 0 0
99 淡若清风過丶 0 0
100 格七 0 0
101 荆轲已逝高渐离 0 0
102 墨炽 0 0
103 彡电竞丿柯南乄 0 0
104 只想做个好人 0 0
105 蘃 0 0
106 等我出轻语 0 0
107 格殺 0 0
108 在水一方丶丶 0 0
109 九袋丐 0 0
