1 紫雨幽雲 1431 1493
2 Mn丶猫猫君 1178 1228
3 張君雅。 1181 1205
4 尐浣熊。 1017 1113
5 轻抹淡抚素人妆 1086 1108
6 花谢人凋零。 1003 1069
7 迷茫中徘徊 1040 1066
8 只想做个好人 988 1038
9 墨河 989 1037
10 凯贼阔里 1028 1034
11 煌煌 924 988
12 咸鱼天香 886 988
13 晓月梦澈 957 957
14 俱利摩 928 952
15 太极至尊 894 948
16 拾勾枯爬尖 926 944
17 月下魂兮 887 933
18 白芹 914 924
19 墨韵轩华 869 899
20 潇洒仗剑天下 840 898
21 永恒永远十八岁 848 888
22 √蓝莓巧克力丶 886 886
23 年瑾倾城玉蝴蝶 840 880
24 一个有内涵的人 865 873
25 余子乔丶 841 861
26 蘃 832 858
27 等我出轻语 823 855
28 折扇浪漫 777 853
29 迟歌 843 853
30 墨萧炎 759 851
31 白易轩 792 848
32 仁剑震音扬 811 843
33 阿锟猫 835 841
34 倾舞情儿 770 820
35 青羽墨染云 756 818
36 机智勇敢的小明 725 817
37 梦觞丶 769 815
38 丶初馨 783 813
39 冷晓汐丶 760 810
40 在下唐银 784 808
41 帅气无敌康爸爸 772 808
42 除了帅还有酷 800 808
43 超人不会飞〃 746 806
44 叶枫刃 797 803
45 诸天花雨 730 802
46 沐伯乾 775 795
47 山高丶木易 729 795
48 沐浠尘 743 793
49 执劍小书生 738 792
50 其实想玩刀客 779 787
51 木易丶凝烟 763 785
52 东风路三狗蛋 759 777
53 东越雪纳瑞 730 768
54 袅袅余音灬 755 757
55 伊贰叁 725 755
56 神威再见 719 753
57 那年红颜 734 750
58 此情珂待 729 745
59 洪时雪 703 741
60 曲终无意 700 738
61 吕小栋 732 738
62 浪琴 724 736
63 何月凡 715 733
64 这下可好啦 666 730
65 水影悠兰 700 728
66 吾寄愁心与明月 705 721
67 鱼香 688 716
68 任离流 652 712
69 逸仙丶王爷 691 705
70 丶忍野咩咩 686 700
71 叶菡 633 699
72 口味太怪 687 697
73 独孤杀生 690 694
74 明年今日奕十年 656 684
75 GoldㅈExperie 651 681
76 我是天香的啊 616 658
77 鱼小小 634 654
78 八块腹肌小官人 614 650
79 小阿淮呀 631 645
80 一人一枪闯九州 616 640
81 甄心 600 636
82 安好晴天 618 636
83 友善的咸鱼白 609 617
84 い楓ゞ妖い 585 601
85 白析 577 599
86 FateLibra 540 594
87 FateScorpio 569 591
88 毅生有妮丶 583 583
89 童话话 572 578
90 艾莉亞史塔克 552 566
91 青丝枫凌 524 556
92 在下唐言 519 533
93 惜玉挽轻裳 514 520
94 再见是否红着脸 500 520
95 与尔同销萬古愁 490 510
96 太子彬 449 499
97 凌雲傲雪 449 485
98 青城爱未恋 410 482
99 七情剑伶慕容英 436 478
100 丐帮萌主 466 472
101 奶小牛丶 453 469
102 汪映雪 464 464
103 仅是一抹渣渣茶 448 450
104 顾寻清 400 408
105 花兮兮兮兮 315 355
106 胡大力 301 337
107 巴蜀萨摩耶 312 336
108 语丶殇 305 309
109 关翔予 243 303
110 淺笙 253 275
111 笑看浮华红尘事 215 223
112 蝶舞旧梦 170 180
113 清弦 143 153
114 浩浩丶浩 141 141
115 树儿高高长 97 105
116 张灵风 44 52
117 Angelミ墨娘彡 39 45
118 榕月 14 18
119 苏幕清 0 0
120 百里轩翊 0 0
1 空虚公子萧四无 894 928
2 守护锋 670 712
3 浪迹小秦 475 489
4 东瀛浪人展梦魂 48 56
5 踏马清月夜 0 0
6 零拾 0 0
7 SouLmAte、小狼 0 0
8 楪夢 0 0
9 男人应有的自豪 0 0
10 冷沐瞳 0 0
11 絮絮叨叨的刀 0 0
12 夜白衣 0 0
