1 框框 779 783
2 花谢人凋零。 658 732
3 張君雅。 658 680
4 那年今若、 516 674
5 魔法少女杜芸松 614 664
6 诸天花雨 603 641
7 机智勇敢的小明 507 599
8 墨韵轩华 477 565
9 折扇浪漫 459 523
10 七情剑伶慕容英 437 515
11 奥利奥。巧轻脆 512 514
12 丶伴我几度 480 494
13 除了帅还有酷 485 491
14 尐浣熊。 427 467
15 空虚公子萧四无 424 464
16 茴香。 437 463
17 薄霭 456 460
18 Mn丶猫猫君 425 445
19 墨河 376 442
20 迟歌 435 435
21 小阿淮呀 390 428
22 纯洁友善的暮夏 421 427
23 FateScorpio 415 419
24 咸鱼天香 388 404
25 荡荡 370 402
26 蘃 385 401
27 叶菡 394 398
28 FateLibra 368 394
29 煌煌 345 389
30 守护锋 324 388
31 神奇宝贝妮小白 384 386
32 梦觞丶 366 384
33 冷晓汐丶 362 376
34 此情珂待 363 363
35 执劍小书生 322 362
36 月下魂兮 324 348
37 语丶殇 348 348
38 甄心 339 347
39 俱利摩 311 341
40 神威再见 295 337
41 太子彬 307 333
42 年瑾倾城玉蝴蝶 315 329
43 洪时雪 306 328
44 在下唐言 310 326
45 鱼小小 308 324
46 南宫灼影 275 319
47 东风路三狗蛋 302 318
48 东越雪纳瑞 316 316
49 男人应有的自豪 273 315
50 与尔同销萬古愁 280 312
51 这下可好啦 296 312
52 异逍遥 301 311
53 芍药児 296 308
54 只想做个好人 293 307
55 超人不会飞〃 264 298
56 夜白衣 266 296
57 梓珏 282 294
58 等我出轻语 281 293
59 鱼香 278 288
60 夜冥雪 274 282
61 青羽墨染云 262 280
62 八块腹肌小官人 265 275
63 南宫絮语 268 270
64 关翔予 251 263
65 浪琴 255 263
66 拾勾枯爬尖 252 258
67 晓月梦澈 256 258
68 淺笙 250 258
69 沐浠尘 245 257
70 沐伯乾 238 254
71 蛋蛋疍 252 254
72 汐月暮云 224 248
73 木易丶凝烟 243 243
74 柠檬雪碧、 204 236
75 凛柒っ 222 234
76 曲终无意 208 228
77 青城爱未恋 203 227
78 五六柒 205 225
79 泪忆寒、 218 224
80 白马落叶总相依 197 223
81 迷茫中徘徊 222 222
82 い楓ゞ妖い 207 217
83 仁剑震音扬 206 216
84 企及 210 212
85 陈凌风 206 212
86 大眼睛秋秋 195 207
87 何月凡 202 206
88 太极至尊 172 200
89 一个有内涵的人 190 194
90 欧阳丶少恭 174 188
91 其实想玩刀客 162 188
92 阴萤儿 178 188
93 那年红颜 179 185
94 胡大力 160 184
95 潇洒仗剑天下 172 180
96 口味太怪 171 175
97 水影悠兰 166 174
98 叶枫刃 161 169
99 独孤杀生 159 167
100 丶七七七七夜 164 164
101 明年今日奕十年 149 163
102 伊贰叁 159 159
103 北城初夏 157 159
104 丶天蓝色 154 158
105 SouLmAte、小狼 140 152
106 ޓ一梦换须臾 137 141
107 凤栖梧桐叶 140 140
108 晓晨晨晨 133 133
109 刀无回 130 130
110 楪夢 112 112
111 秋末黑白 93 95
112 仙Girl雪飞霜 85 95
113 逸仙丶王爷 49 49
114 秋叶微寒 46 46
115 吕小栋 31 31
116 小缘哟 12 12
117 辉煌PT 7 7
118 树儿高高长 3 3
119 帅气无敌康爸爸 0 0
120 惜玉挽轻裳 0 0
1 浪迹小秦 403 449
2 零拾 376 390
3 古巷烟雨断桥殇 295 335
4 童话话 4 4
5 青骢绝骑塑天荒 1 1
6 欧阳丶紫薰 0 0
7 花兮兮兮兮 0 0
8 蝶舞旧梦 0 0
9 半面红妆月如颜 0 0
10 飒新 0 0
11 吾寄愁心与明月 0 0
12 踏马清月夜 0 0
13 我不介意荆棘 0 0
14 墨炽 0 0