1 框框 424 438
2 轻素剪云端 344 354
3 拌饭萌面酥 324 336
4 开封拍卖行 268 314
5 古巷烟雨断桥殇 232 288
6 紫舞流年 266 288
7 梦觞丶 281 283
8 晓月梦澈 275 279
9 凯贼阔里 259 279
10 墨韵轩华 258 278
11 小阿淮呀 267 277
12 时钟轻摇孤独 217 263
13 咸鱼天香 250 258
14 春晴 243 257
15 椛灯 251 251
16 纯洁友善的暮夏 248 248
17 冷晓汐丶 234 248
18 荡荡 227 247
19 FateScorpio 247 247
20 唐舞桐灬 211 245
21 丿几度度丶 221 245
22 青羽墨染云 215 241
23 神丶陌上微光 219 239
24 艾尔艾路弗 236 238
25 陌路莫回 205 237
26 浪迹小秦 217 233
27 在下唐言 212 228
28 我是小官人 207 223
29 东风路三狗蛋 199 209
30 等我出轻语 188 206
31 南宫絮语 205 205
32 煌煌 152 200
33 ＊下水道的白 184 198
34 机智勇敢的小猪 186 196
35 洪时雪 179 193
36 柒叶浅 168 184
37 淺笙 174 184
38 机智勇敢的小炮 177 183
39 曲终无意 169 183
40 城南穷鬼赵四 180 182
41 FateLibra 174 180
42 任离流 161 179
43 花兮兮兮兮 147 179
44 一直梨花压海棠 170 178
45 青城爱未恋 159 177
46 方得始終 160 172
47 独孤沐白 155 171
48 在下唐银 154 168
49 临风望月爱啪啪 163 167
50 墨河 150 166
51 武藏野剑太 163 165
52 邱少 160 164
53 儒丶张良 150 162
54 可爱琳 160 160
55 其实想玩刀客 119 159
56 异逍遥 143 155
57 陌丶羽殇 147 155
58 瑾年ゝ 151 153
59 一丿登 135 145
60 丶她有清喉 132 136
61 乌莲娜 114 136
62 格殺 131 133
63 帅气无敌康爸爸 121 133
64 零拾 123 127
65 青丝枫凌 125 127
66 夢觴丶 122 124
67 伐青 122 124
68 青骢绝骑塑天荒 116 124
69 一个有内涵的人 121 121
70 丿Muc丨君丶陌 116 120
71 墨舞丶倾城 115 119
72 绫月薇 109 115
73 裴述 112 112
74 梦呓ゝ 104 110
75 鱼小小 102 108
76 奈亻可 95 97
77 树儿高高长 80 90
78 °° 82 86
79 沐浠尘 73 85
80 池小晚 75 83
81 小萌耍太白丶 75 83
82 那年红颜 78 80
83 叶菡 77 79
84 安蠢蠢 78 78
85 月怜诗涵 66 70
86 墨雨丶晓枫 69 69
87 蚩尤魔人 59 61
88 男人应有的自豪 54 58
89 毕夏有毓 49 53
90 骄傲的龙王丶 51 53
91 淡若清风過丶 39 45
92 诸天花雨 42 44
93 只想做个好人 37 41
94 倾舞情儿 37 37
95 风暖伤 32 34
96 生气的小黄瓜 32 34
97 成溪 31 33
98 太极至尊 18 32
99 鱼香 24 30
100 池小猫 30 30
101 灬醉丨雲嫣 25 27
102 折扇浪漫 22 24
103 一人一枪闯九州 22 22
104 离殇天丶 18 18
105 榕月 16 16
106 彡电竞丿柯南乄 13 13
107 旧人谙 10 10
108 凯 9 9
109 巡山的人 8 8
110 芝麻花生馅儿饺 6 6
111 凡哥的祖父 5 5
112 怒怒怒怒火 4 4
113 狂灬黑 3 3
114 山高丶木易 1 1
115 无名唐大夫 1 1
116 空虚公子萧四无 0 0
117 丶初馨 0 0
118 炖猪肘丶 0 0
119 魔法少女杜芸松 0 0
120 木易丶凝烟 0 0