1 紫雨幽雲 1079 1201
2 紫舞流年 997 1031
3 墨河 820 890
4 煌煌 806 878
5 潇洒仗剑天下 819 855
6 洪时雪 752 844
7 奶小牛丶 826 836
8 凌渃尘 754 822
9 太极至尊 744 818
10 SouLmAte、小狼 763 809
11 古巷烟雨断桥殇 733 805
12 凯 736 792
13 烧酒仙 717 785
14 只想做个好人 673 783
15 儒丶张良 709 779
16 独孤沐白 723 747
17 帝古 708 736
18 帅气无敌康爸爸 698 734
19 树儿高高长 685 733
20 其实想玩刀客 675 725
21 五六柒 665 723
22 梦觞丶 668 722
23 沐浠尘 639 717
24 成溪 696 714
25 青城爱未恋 652 706
26 青衫逝 661 689
27 在下唐银 636 684
28 在下唐言 650 678
29 叶菡 625 673
30 东风路三狗蛋 592 668
31 意邪 613 647
32 曲终无意 602 646
33 墨萧炎 584 642
34 丐帮萌主 586 616
35 追风少年鹰老七 581 615
36 格殺 570 606
37 冷晓汐丶 536 596
38 月牙冲天 580 588
39 一直梨花压海棠 524 586
40 只会躺不输出丶 564 584
41 小阿淮呀 515 559
42 青丝枫凌 544 552
43 帅金角 539 539
44 南宫絮语 496 518
45 再见是否红着脸 428 452
46 唐舞桐灬 386 446
47 花兮兮兮兮 358 406
48 毕夏有毓 374 402
49 等风与你 352 370
50 一抹煙雨落繁華 353 363
51 魔法少女杜芸松 316 346
52 慕容靉 341 345
53 开封拍卖行 283 307
54 诸天花雨 243 305
55 池小晚 299 303
56 亲爱的未闻花名 279 295
57 灬醉丨雲嫣 282 290
58 东瀛浪人展梦魂 229 275
59 空虚公子萧四无 217 259
60 神威再见 216 240
61 异逍遥 221 233
62 ParTing丶R 174 196
63 爱哭鼻の阿木木 189 193
64 池小猫 161 181
65 墨雨丶晓枫 176 180
66 守护锋 169 179
67 青羽墨染云 104 138
68 大雪青衣 65 65
69 乌莲娜 31 39
70 葬噯傢族ナ杂魚 4 12
71 那年红颜 2 6
72 何月凡 6 6
73 浪迹小秦 1 3
74 这下可好啦 1 1
75 友善的小内衣 1 1
76 吕小栋 1 1
77 一人一枪闯九州 1 1
78 娇软の小屁股 1 1
79 绫月薇 0 0
80 凯贼阔里 0 0
81 芝麻花生馅儿饺 0 0
82 踏马清月夜 0 0
83 月怜诗涵 0 0
84 咸鱼天香 0 0
85 榕月 0 0
86 苍镜 0 0
87 轻笑忘 0 0
88 与尔同销萬古愁 0 0
89 等我出轻语 0 0
90 蝶舞旧梦 0 0
91 慕容飞羽 0 0
92 淺笙 0 0
93 折扇浪漫 0 0
94 众人何在速来救 0 0
95 晓月梦澈 0 0
96 轻素剪云端 0 0
97 零拾 0 0
98 墨韵轩华 0 0
99 浩浩丶浩 0 0
100 纯洁友善的暮夏 0 0
101 纯情少妇马芳玲 0 0
102 炖猪肘丶 0 0
103 墨染樱飞 0 0
104 山高丶木易 0 0
105 木易丶凝烟 0 0
