1 墨萧炎 3 9
2 邱少 4 6
3 只会躺不输出丶 2 4
4 女神菲奥娜 4 4
5 彼眸 3 3
6 丶天蓝色 3 3
7 时钟轻摇孤独 3 3
8 晓月梦澈 3 3
9 浩浩丶浩 2 2
10 简单愛 2 2
11 机智勇敢的小月 2 2
12 紫舞流年 2 2
13 格殺 2 2
14 小萌耍太白丶 2 2
15 小阿鏡 1 1
16 空虚公子萧四无 1 1
17 墨舞丶千芊 1 1
18 五六柒 1 1
19 青骢绝骑塑天荒 1 1
20 策划∶ 1 1
21 花谢人凋零。 1 1
22 任离流 1 1
23 魔法少女杜芸松 1 1
24 煌煌 1 1
25 月牙冲天 1 1
26 成溪 1 1
27 凌渃尘 1 1
28 青城爱未恋 1 1
29 月怜诗涵 1 1
30 一个有内涵的人 1 1
31 乌莲娜 0 0
32 池小猫 0 0
33 与尔同销萬古愁 0 0
34 浪迹小秦 0 0
35 沐浠尘 0 0
36 纯洁友善的暮夏 0 0
37 千丶色 0 0
38 在下唐银 0 0
39 花儿盛盛开 0 0
40 这下可好啦 0 0
41 太极至尊 0 0
42 友善的大夫 0 0
43 拌饭萌面酥 0 0
44 零拾 0 0
45 等我出轻语 0 0
46 百里轩翊 0 0
47 在下唐言 0 0
48 追风少年鹰老七 0 0
49 紫雨幽雲 0 0
50 再见是否红着脸 0 0
51 折扇浪漫 0 0
52 踏马清月夜 0 0
53 九袋丐 0 0
54 梦觞丶 0 0
55 机智勇敢的小炮 0 0
56 墨河 0 0
57 青丝枫凌 0 0
58 烧酒仙 0 0
59 墨韵轩华 0 0
60 万心忧 0 0
61 友善的咸鱼白 0 0
62 奶小牛丶 0 0
63 放肆流逝的年华 0 0
64 倾舞情儿 0 0
65 墨舞丶倾城 0 0
66 那年今若、 0 0
67 曲终无意 0 0
68 洪时雪 0 0
69 青羽墨染云 0 0
70 花兮兮兮兮 0 0
71 山高丶木易 0 0
72 南宫絮语 0 0
73 慕容飞羽 0 0
74 椛灯 0 0
75 木易丶凝烟 0 0
76 神威再见 0 0
77 冷晓汐丶 0 0
78 唐舞桐灬 0 0
79 只想做个好人 0 0
80 一人一枪闯九州 0 0
81 芝麻花生馅儿饺 0 0
82 儒丶张良 0 0
83 怒怒怒怒火 0 0
84 异逍遥 0 0
85 独孤沐白 0 0
86 无言上青楼 0 0
87 七情剑伶慕容英 0 0
88 凯贼阔里 0 0
89 牛奶奶奶奶 0 0
90 蝶舞旧梦 0 0
91 一直梨花压海棠 0 0
92 池小晚 0 0
93 吕小栋 0 0
94 艾莉亞史塔克 0 0
95 墨雨丶晓枫 0 0
96 守护锋 0 0