折扇浪漫	1	5	2	1	3	11	6	2016-08-21
与尔同销萬古愁	1	5	1	1.5	3	10	6	2016-08-21
浪迹小秦	1	3.5	2	1.5	3	10	6	2016-08-21
尐浣熊。	1	4	2	0	3	9	6	2016-08-21
唐门王俊凯	1	2	3	3	1	9	6	2016-08-21
吕小栋	1	3	2	1.5	3	9	6	2016-08-21
零拾	1	2	2	1.5	3	8	6	2016-08-21
Mn丶猫猫君	1	2.5	1	1.5	3	8	6	2016-08-21
梦觞丶	1	1.5	2	1.5	3	8	6	2016-08-21
机智勇敢的小明	1	2.5	2	1.5	1	7	6	2016-08-21
墨河	1	2	1	1.5	3	7	6	2016-08-21
百里轩翊	1	3.5	2	1	1	7	6	2016-08-21
阴萤儿	1	2	1	1.5	3	7	6	2016-08-21
迟歌	1	4	1	1.5	1	7	6	2016-08-21
喝脉动割动脉	1	3	0	1.5	2	6	6	2016-08-21
只想做个好人	1	4	1	1.5	0	6	6	2016-08-21
秋末黑白	1	2.5	0	1.5	1	5	5	2016-08-21
赵昊昌	1	0	1	1.5	3	5	5	2016-08-21
晓晨晨晨	1	2	1	0	2	5	5	2016-08-21
异逍遥	1	2	0	1.5	1	4	4	2016-08-21
小阿淮呀	1	1	0	0	3	4	4	2016-08-21
〃北梦木兮	1	2	0	1	1	4	4	2016-08-21
大眼睛秋秋	1	0	0	1.5	3	4	4	2016-08-21
箫布吉	1	1.5	1	1.5	0	4	4	2016-08-21
比逗是念着反	1	2	0	0.5	2	4	4	2016-08-21
ޓ一梦换须臾	1	2.5	2	0	0	4	4	2016-08-21
南宫絮语	1	0.5	0	0.5	2	3	3	2016-08-21
ޓ俱是梦中人	1	2	1	0	0	3	3	2016-08-21
花兮兮兮兮	1	0.5	1	0.5	0	2	2	2016-08-21
南巷末枝	1	0.5	0	0	2	2	2	2016-08-21
明年今日奕十年	1	0	0	0	2	2	2	2016-08-21
我是萝卜啊	1	1.5	1	0	0	2	2	2016-08-21
除了帅还有酷	1	2	0	0	0	2	2	2016-08-21
丶古力豆	1	0	0	0	2	2	2	2016-08-21
蘃	1	0	0	0	2	2	2	2016-08-21
刺灰灰	1	0	0	0	2	2	2	2016-08-21
贺兰丶宁儿	1	0.5	0	0	2	2	2	2016-08-21
鱼丶大大	1	2.5	0	0	0	2	2	2016-08-21
凤鸣秋	1	0	0	0	2	2	2	2016-08-21
比剑哥还贱	1	0	0	0	2	2	2	2016-08-21
跨越七海的风。	1	0	0	0	1	1	1	2016-08-21
北溟有渔曰萌	1	0	0	1.5	0	1	1	2016-08-21
√蓝莓巧克力丶	1	0	0	1	0	1	1	2016-08-21
神荼夜	1	1	0	0	0	1	1	2016-08-21
丶似有若无	1	1	0	0	0	1	1	2016-08-21
蝶舞云	1	0.5	0	0.5	0	1	1	2016-08-21
丿流年灬Cc	1	0	1	0	0	1	1	2016-08-21
眉间一点白	1	0	0	0	0	0	0	2016-08-21
齿虎	1	0	0	0	0	0	0	2016-08-21
澪澪	1	0	0	0	0	0	0	2016-08-21
冷殘心	1	0	0	0	0	0	0	2016-08-21
玉面天魁	1	0	0	0	0	0	0	2016-08-21
唐门仐少	1	0	0	0.5	0	0	0	2016-08-21
觞酌	1	0	0	0	0	0	0	2016-08-21
剑圣灬独孤求败	1	0	0	0	0	0	0	2016-08-21
慕落弦	1	0	0	0	0	0	0	2016-08-21
柒叶浅	1	0	0	0	0	0	0	2016-08-21
抽烟没火	1	0	0	0	0	0	0	2016-08-21
劳资好萌好可爱	1	0	0	0	0	0	0	2016-08-21
呀丶不要杀我	1	0	0	0	0	0	0	2016-08-21
秋叶微寒	1	0	0	0	0	0	0	2016-08-21
明月多情笑我怪	1	0	0	0	0	0	0	2016-08-21
暮雪醉逍遥	1	0	0	0	0	0	0	2016-08-21
素蝶	1	0	0	0	0	0	0	2016-08-21
天下悍刀出北凉	1	0	0	0	0	0	0	2016-08-21
时钟轻摇孤独	1	0	0	0	0	0	0	2016-08-21
逗号爱仕达	1	0	0	0	0	0	0	2016-08-21
箫中剑丶	1	0	0	0	0	0	0	2016-08-21
凰荼歌	1	0	0	0	0	0	0	2016-08-21
巡山的人	1	0	0	0	0	0	0	2016-08-21
神么刀	1	0	0	0	0	0	0	2016-08-21
忘羡一曲远	1	0	0	0	0	0	0	2016-08-21
丶若芷	1	0	0	0	0	0	0	2016-08-21
农奴翻身当地主	1	0	0	0	0	0	0	2016-08-21
薛涛笺	1	0	0	0	0	0	0	2016-08-21
独孤沐白	1	0	0	0	0	0	0	2016-08-21
我的名字叫回忆	1	0	0	0	0	0	0	2016-08-21
SouLmAte、小狼	1	0	0	0	0	0	0	2016-08-21
臧玉人	1	0	0	0	0	0	0	2016-08-21
棠棠	1	0	0	0	0	0	0	2016-08-21
傲江湖	1	0	0	0	0	0	0	2016-08-21
絮絮叨叨的刀	1	0	0	0	0	0	0	2016-08-21
冷霜刃	1	0.5	0	0	0	0	0	2016-08-21
墨如渊	1	0	0	0	0	0	0	2016-08-21
太极神尊	1	0	0	0	0	0	0	2016-08-21
一时春色	1	0	0	0	0	0	0	2016-08-21
梦訁	1	0	0	0	0	0	0	2016-08-21
ジSunshineづ	1	0	0	0	0	0	0	2016-08-21
奥利奥。巧轻脆	1	0	0	0	0	0	0	2016-08-21
白素。	1	0	0	0	0	0	0	2016-08-21
练武风化	1	0.5	0	0	0	0	0	2016-08-21
严秋月	1	0	0	0	0	0	0	2016-08-21
乱世萧	1	0	0	0	0	0	0	2016-08-21
墨泓	1	0	0	0	0	0	0	2016-08-21
沐玉洁	1	0	0	0	0	0	0	2016-08-21
一叶纸鸢、千念	1	0.5	0	0	0	0	0	2016-08-21
牧羊﹣	1	0	0	0	0	0	0	2016-08-21
破穿	1	0	0	0	0	0	0	2016-08-21
叶榖城	1	0	0	0	0	0	0	2016-08-21
提刀独立荡八荒	1	0	0	0	0	0	0	2016-08-21
兰陵唐九霄	1	0	0	0	0	0	0	2016-08-21
青丶玄	1	0	0	0	0	0	0	2016-08-21
梦醒时见你；	1	0	0	0	0	0	0	2016-08-21
少年阿波	1	0	0	0	0	0	0	2016-08-21
邓紫棋的小鲜肉	1	0	0	0	0	0	0	2016-08-21
浪琴	1	0	0	0	0	0	0	2016-08-21
何如此地学长生	1	0	0	0	0	0	0	2016-08-21
袅袅余音灬	1	0	0	0	0	0	0	2016-08-21
古巷烟雨断桥殇	1	0	0	0	0	0	0	2016-08-21
神刀丶天降	1	0	0	0	0	0	0	2016-08-21
清新荷语	1	0	0	0	0	0	0	2016-08-21
钟离听音丶	1	0	0	0	0	0	0	2016-08-21
凌夜寒	1	0	0	0	0	0	0	2016-08-21
唐钰名	1	0	0	0	0	0	0	2016-08-21
Needle	1	0	0	0	0	0	0	2016-08-21
天香国际	1	0	0	0	0	0	0	2016-08-21
梦回路人甲	1	0	0	0	0	0	0	2016-08-21
颓废老男人	1	0	0	0	0	0	0	2016-08-21
剑老白	1	0.5	0	0	0	0	0	2016-08-21
留恋兰香	1	0	0	0	0	0	0	2016-08-21
白轻寒	1	0	0	0	0	0	0	2016-08-21
青丝枫凌	1	0	0	0	0	0	0	2016-08-21
张灵风	1	0	0	0	0	0	0	2016-08-21
风海一刀	1	0	0	0	0	0	0	2016-08-21
丨哆唻咪发唆	1	0	0	0	0	0	0	2016-08-21
李雨轩	1	0	0	0	0	0	0	2016-08-21
老滚	1	0	0	0	0	0	0	2016-08-21
我是天香的啊	1	0	0	0	0	0	0	2016-08-21
杨卓儒	1	0	0	0	0	0	0	2016-08-21
叨叨	1	0	0	0	0	0	0	2016-08-21
雪丶无忆	1	0	0	0	0	0	0	2016-08-21
跑调的张学友	1	0	0	0	0	0	0	2016-08-21
剑舞天涯	1	0	0	0	0	0	0	2016-08-21
、若白	1	0	0	0	0	0	0	2016-08-21
沐伯乾	1	0	0	0	0	0	0	2016-08-21
右逝	1	0	0	0	0	0	0	2016-08-21
我是赵医生	1	0	0	0	0	0	0	2016-08-21
陈凌风	1	0	0	0	0	0	0	2016-08-21
北夕寒笙丶	1	0	0	0	0	0	0	2016-08-21
碧眼狐狸、赵四	1	0	0	0	0	0	0	2016-08-21
墨韵轩华	2	3.5	2	1.5	3	10	6	2016-08-21
楪夢	2	3.5	2	1	3	9	6	2016-08-21
仁剑震音扬	2	2.5	2	1.5	3	9	6	2016-08-21
丶伴我几度	2	3.5	0	1.5	3	8	6	2016-08-21
太极至尊	2	4.5	0	1.5	2	8	6	2016-08-21
余子乔丶	2	2	2	1.5	2	7	6	2016-08-21
北城初夏	2	3	2	1.5	1	7	6	2016-08-21
GoldㅈExperie	2	2	0	1	3	6	6	2016-08-21
悠酒幽	2	2	1	1.5	2	6	6	2016-08-21
俱利摩	2	2.5	2	1	1	6	6	2016-08-21
淺笙	2	2.5	2	1.5	0	6	6	2016-08-21
樱夢	2	3	0	1.5	1	5	5	2016-08-21
吾寄愁心与明月	2	1	2	1	1	5	5	2016-08-21
白马落叶总相依	2	1.5	0	1	2	4	4	2016-08-21
張君雅。	2	2.5	0	0	2	4	4	2016-08-21
椛灯	2	2	0	1.5	1	4	4	2016-08-21
凌渃尘	2	0	1	1.5	1	3	3	2016-08-21
凯	2	1	0	0	2	3	3	2016-08-21
百里蕾姆	2	1	0	1	1	3	3	2016-08-21
kingdan	2	0	2	0	1	3	3	2016-08-21
云海小明	2	1.5	0	0.5	1	3	3	2016-08-21
世无休	2	1.5	0	1.5	0	3	3	2016-08-21
毅生有妮丶	2	2	1	0	0	3	3	2016-08-21
诸天花雨	2	0	0	1.5	1	2	2	2016-08-21
顾洒洒呀	2	1	0	0	1	2	2	2016-08-21
倾舞情儿	2	0.5	0	0.5	1	2	2	2016-08-21
醉夜玲珑	2	1	0	0	1	2	2	2016-08-21
坤哥的私宠	2	0	0	0	1	1	1	2016-08-21
豆渣渣呢	2	0	0	0	1	1	1	2016-08-21
沉渔落丶雁	2	0	0	0	1	1	1	2016-08-21
月影粟	2	0	0	0	1	1	1	2016-08-21
不爱喝雪碧	2	1.5	0	0	0	1	1	2016-08-21
火之鸟	2	0	0	0	1	1	1	2016-08-21
魅丿无情	2	0	0	0.5	1	1	1	2016-08-21
绑定小蜜的	2	0	0	0	1	1	1	2016-08-21
纳加法	2	0	0	0	1	1	1	2016-08-21
南眸	2	1	0	0	0	1	1	2016-08-21
永恒永远十八岁	2	1	0	0	0	1	1	2016-08-21
神威小枪将	2	0.5	0	0.5	0	1	1	2016-08-21
逍遥叹ˉ	2	0	0	0	0	0	0	2016-08-21
叫我鱼塘总裁丶	2	0	0	0	0	0	0	2016-08-21
琴瑟风声绝	2	0	0	0	0	0	0	2016-08-21
萝莉添棒棒糖嘛	2	0	0	0	0	0	0	2016-08-21
落落清歡丶	2	0	0	0	0	0	0	2016-08-21
下山博蛋	2	0	0	0	0	0	0	2016-08-21
初雨凉笙叹ゞ	2	0	0	0	0	0	0	2016-08-21
阑珊	2	0	0	0	0	0	0	2016-08-21
梦丶拾玖	2	0	0	0	0	0	0	2016-08-21
叶舫庭	2	0	0	0	0	0	0	2016-08-21
毒情	2	0	0	0	0	0	0	2016-08-21
娜迦海妖	2	0	0	0	0	0	0	2016-08-21
一只萌正太丶	2	0	0	0	0	0	0	2016-08-21
卖萌的麦兜	2	0	0	0	0	0	0	2016-08-21
裴述	2	0	0	0	0	0	0	2016-08-21
小马的天	2	0	0	0	0	0	0	2016-08-21
友善的大夫	2	0	0	0	0	0	0	2016-08-21
落墨点淸颜	2	0	0	0	0	0	0	2016-08-21
肾亏道人	2	0	0	0	0	0	0	2016-08-21
雪域星空	2	0	0	0	0	0	0	2016-08-21
咲冭陽	2	0	0	0	0	0	0	2016-08-21
影流皇族	2	0	0	0	0	0	0	2016-08-21
花丶妃	2	0	0	0	0	0	0	2016-08-21
君无亦	2	0	0	0	0	0	0	2016-08-21
西决决哈哈哈	2	0	0	0	0	0	0	2016-08-21
凱蒂喵	2	0	0	0	0	0	0	2016-08-21
不爱喝芬达	2	0	0	0	0	0	0	2016-08-21
宫黎妍	2	0	0	0	0	0	0	2016-08-21
神刀封花折	2	0	0	0	0	0	0	2016-08-21
千虚羽	2	0	0	0	0	0	0	2016-08-21
耳垂	2	0	0	0	0	0	0	2016-08-21
姬如影	2	0	0	0	0	0	0	2016-08-21
太阳骑士炮灰	2	0	0	0	0	0	0	2016-08-21
一夕染红尘	2	0	0	0	0	0	0	2016-08-21
回忆不曾悲伤	2	0	0	0.5	0	0	0	2016-08-21
凤栖梧桐叶	2	0	0	0	0	0	0	2016-08-21
圈圈	2	0	0	0	0	0	0	2016-08-21
清风不染尘	2	0	0	0	0	0	0	2016-08-21
寶寶兒	2	0	0	0	0	0	0	2016-08-21
丶七七七七夜	2	0	0	0	0	0	0	2016-08-21
南邦佳人呀	2	0	0	0.5	0	0	0	2016-08-21
蓦然回首、清酌	2	0	0	0	0	0	0	2016-08-21
红毛	2	0	0	0	0	0	0	2016-08-21
小雪妖	2	0	0	0	0	0	0	2016-08-21
怒怒怒怒火	2	0	0	0	0	0	0	2016-08-21
愿深情不被枉负	2	0	0	0	0	0	0	2016-08-21
洛小洛丶	2	0	0	0	0	0	0	2016-08-21
拉轰小女子	2	0	0	0	0	0	0	2016-08-21
我讨厌用名字	2	0	0	0	0	0	0	2016-08-21
蛋蛋大侠丨	2	0	0	0.5	0	0	0	2016-08-21
不想昵称	2	0	0	0	0	0	0	2016-08-21
乞丐也能很强	2	0	0	0	0	0	0	2016-08-21
闻素问	2	0	0	0	0	0	0	2016-08-21
青梅淡煮酒	2	0	0	0	0	0	0	2016-08-21
就要呵呵哒丶	2	0	0	0	0	0	0	2016-08-21
今朝望月	2	0	0	0	0	0	0	2016-08-21
刀灵媛	2	0	0	0	0	0	0	2016-08-21
゛蓶丶ー	2	0	0	0	0	0	0	2016-08-21
暖意醉花荫	2	0	0	0	0	0	0	2016-08-21
轻狂小柒	2	0	0	0.5	0	0	0	2016-08-21
阿锟猫	2	0	0	0	0	0	0	2016-08-21
几许悲欢几多愁	2	0	0	0	0	0	0	2016-08-21
ＴＣＭ丶SSD	2	0	0	0	0	0	0	2016-08-21
一个有内涵的人	2	0	0	0	0	0	0	2016-08-21
小女儿可可	2	0	0	0	0	0	0	2016-08-21
君須怜我	2	0	0	0	0	0	0	2016-08-21
不穿内裤好凉爽	2	0	0	0	0	0	0	2016-08-21
无敌阿汤哥	2	0	0	0	0	0	0	2016-08-21
台风谷第一包子	2	0	0	0	0	0	0	2016-08-21
弑痕丷	2	0	0	0	0	0	0	2016-08-21
笛梦一秋	2	0	0	0	0	0	0	2016-08-21
牛奶奶奶奶	2	0	0	0.5	0	0	0	2016-08-21
花炮炮炮炮	2	0	0	0.5	0	0	0	2016-08-21
青衫依旧等故人	2	0	0	0	0	0	0	2016-08-21
糖糖哒	2	0	0	0	0	0	0	2016-08-21
红尘落雪月无痕	2	0	0	0	0	0	0	2016-08-21
尧辛	2	0	0	0	0	0	0	2016-08-21
董汉卿	2	0	0	0	0	0	0	2016-08-21
澄汁	2	0	0	0	0	0	0	2016-08-21
唐糖～	2	0	0	0	0	0	0	2016-08-21
傅红雪།	2	0	0	0	0	0	0	2016-08-21
太白三圣	2	0	0	0	0	0	0	2016-08-21
闭月羞	2	0	0	0	0	0	0	2016-08-21
轻笑忘	2	0	0	0.5	0	0	0	2016-08-21
大光明里凤凰现	2	0	0	0	0	0	0	2016-08-21
刀无回	2	0	0	0	0	0	0	2016-08-21
公子羽哥哥	2	0	0	0	0	0	0	2016-08-21
红颜痴情笑	2	0	0	0	0	0	0	2016-08-21
惬兮	2	0	0	0	0	0	0	2016-08-21
孤影惊残梦	2	0	0	0	0	0	0	2016-08-21
就叫玫瑰吧	2	0	0	0	0	0	0	2016-08-21
ParTing丶R	2	0	0	0	0	0	0	2016-08-21
飞雪如霜	2	0	0	0	0	0	0	2016-08-21
刃歌	2	0	0	0	0	0	0	2016-08-21
殇如此忧伤	2	0	0	0	0	0	0	2016-08-21
童话话	2	0	0	0	0	0	0	2016-08-21
冬凝寒	2	0	0	0	0	0	0	2016-08-21
蘩缕	2	0	0	0	0	0	0	2016-08-21
凡哥的父亲	2	0	0	0	0	0	0	2016-08-21
友善的若云	2	0	0	0	0	0	0	2016-08-21
万俟独秋乄	2	0	0	0	0	0	0	2016-08-21
旧情里独绵丶	2	0	0	0	0	0	0	2016-08-21
Actors丶纤旧	2	0	0	0	0	0	0	2016-08-21
￣放空	2	0	0	0	0	0	0	2016-08-21
小水	2	0	0	0	0	0	0	2016-08-21
倾国不倾城	2	0	0	0.5	0	0	0	2016-08-21
言白衣	2	0	0	0	0	0	0	2016-08-21
染琴	2	0	0	0	0	0	0	2016-08-21
手中玫瑰赠予谁	2	0	0	0	0	0	0	2016-08-21
星雷	2	0	0	0	0	0	0	2016-08-21
山高丶木易	3	3	4	2	2	11	6	2016-08-21
潇洒仗剑天下	3	4	1	1.5	3	9	6	2016-08-21
煌煌	3	2	2	1.5	3	8	6	2016-08-21
其实想玩刀客	3	1.5	2	1.5	3	8	6	2016-08-21
水影悠兰	3	3.5	2	1.5	1	8	6	2016-08-21
白析	3	2.5	1	1.5	3	8	6	2016-08-21
紫雨幽雲	3	2.5	1	1.5	2	7	6	2016-08-21
冷清语	3	2.5	1	1.5	2	7	6	2016-08-21
之绵	3	4	1	1.5	1	7	6	2016-08-21
奶小牛丶	3	2	2	1	2	7	6	2016-08-21
此情珂待	3	2.5	1	1.5	2	7	6	2016-08-21
等我出轻语	3	3.5	0	1	2	6	6	2016-08-21
神奇宝贝妮小白	3	3	1	1	1	6	6	2016-08-21
荡荡	3	2.5	1	1.5	1	6	6	2016-08-21
魔仙堡小公举	3	1.5	2	1.5	0	5	5	2016-08-21
若无似有小偏执	3	2	0	0.5	2	4	4	2016-08-21
夜冥雪	3	1	1	1.5	1	4	4	2016-08-21
青羽墨染云	3	1.5	0	1.5	1	4	4	2016-08-21
天下芒果	3	1.5	0	1.5	1	4	4	2016-08-21
若无似有小矜持	3	2	0	0.5	2	4	4	2016-08-21
刀之芳华	3	1.5	0	1	2	4	4	2016-08-21
那年今若、	3	1	1	1	1	4	4	2016-08-21
艾莉亞史塔克	3	1.5	1	1.5	0	4	4	2016-08-21
彼醉。	3	4	0	0.5	0	4	4	2016-08-21
关翔予	3	2.5	1	1	0	4	4	2016-08-21
青骢绝骑塑天荒	3	1	0	1.5	1	3	3	2016-08-21
苍镜	3	0	0	1	2	3	3	2016-08-21
笙箫尽微凉	3	2	0	0	1	3	3	2016-08-21
青城爱未恋	3	2	0	0.5	1	3	3	2016-08-21
花落时节与君别	3	0.5	0	1.5	1	3	3	2016-08-21
木易丶凝烟	3	1.5	0	1	1	3	3	2016-08-21
框框	3	1.5	0	1	1	3	3	2016-08-21
顾寻清	3	1.5	1	0	1	3	3	2016-08-21
濯清莲而不妖	3	1.5	0	1.5	0	3	3	2016-08-21
东风路三狗蛋	3	2	1	0	0	3	3	2016-08-21
梵天Swagger	3	2.5	0	0.5	0	3	3	2016-08-21
墨炽	3	1	0	1	1	3	3	2016-08-21
栀子花＊	3	2	0	0.5	1	3	3	2016-08-21
空虚公子萧四无	3	1	0	0.5	1	2	2	2016-08-21
纯洁友善的暮夏	3	0	0	1.5	1	2	2	2016-08-21
浩浩丶浩	3	1.5	0	0.5	0	2	2	2016-08-21
伐青	3	0.5	0	1.5	0	2	2	2016-08-21
何月凡	3	1	0	0	1	2	2	2016-08-21
叶企鹅	3	2	0	0	0	2	2	2016-08-21
七情剑伶慕容英	3	1	0	0	1	2	2	2016-08-21
那年红颜	3	1	1	0.5	0	2	2	2016-08-21
冉灬子墨	3	0.5	2	0	0	2	2	2016-08-21
南笙灬	3	2.5	0	0	0	2	2	2016-08-21
可爱琳	3	0	0	0	1	1	1	2016-08-21
年瑾倾城玉蝴蝶	3	0.5	0	0	1	1	1	2016-08-21
帅气无敌康爸爸	3	1	0	0	0	1	1	2016-08-21
烟花易冷人亦冷	3	0	0	0	1	1	1	2016-08-21
哒哒滴滴	3	1	0	0	0	1	1	2016-08-21
㏑ゞ初心ノ	3	0	1	0	0	1	1	2016-08-21
伊贰叁	3	1.5	0	0	0	1	1	2016-08-21
宫离嫣	3	1	0	0	0	1	1	2016-08-21
青丝如沫	3	0.5	0	1	0	1	1	2016-08-21
残花灬如雪	3	0.5	0	0	1	1	1	2016-08-21
徐耶比	3	1	0	0	0	1	1	2016-08-21
东瀛浪人展梦魂	3	0.5	0	0	1	1	1	2016-08-21
之锦	3	0	0	0	1	1	1	2016-08-21
徐婧懿	3	0.5	0	0	1	1	1	2016-08-21
最可爱的师姐	3	0	0	0	0	0	0	2016-08-21
纯洁友善的神刀	3	0	0	0	0	0	0	2016-08-21
莫倾城灬	3	0	0	0	0	0	0	2016-08-21
东风路四蛋	3	0	0	0	0	0	0	2016-08-21
乏乏	3	0	0	0	0	0	0	2016-08-21
蠢小椰丶	3	0	0	0	0	0	0	2016-08-21
剣殊雨寒丶	3	0	0	0	0	0	0	2016-08-21
神奇宝贝杨尼玛	3	0	0	0	0	0	0	2016-08-21
九袋丐	3	0	0	0	0	0	0	2016-08-21
凛柒っ	3	0	0	0	0	0	0	2016-08-21
二狗娃	3	0	0	0	0	0	0	2016-08-21
好想告诉伱	3	0	0	0	0	0	0	2016-08-21
落花丶醉	3	0	0	0	0	0	0	2016-08-21
赤月染红尘	3	0	0	0	0	0	0	2016-08-21
尽余年。	3	0	0	0	0	0	0	2016-08-21
迷茫中徘徊	3	0	0	0	0	0	0	2016-08-21
小兔兔几	3	0	0	0	0	0	0	2016-08-21
风暖伤	3	0	0	0	0	0	0	2016-08-21
二瞳	3	0	0	0	0	0	0	2016-08-21
叶枫刃	3	0	0	0	0	0	0	2016-08-21
天刀。	3	0	0	0	0	0	0	2016-08-21
马来西亚的咪咪	3	0	0	0	0	0	0	2016-08-21
Yada丶leo	3	0	0	0	0	0	0	2016-08-21
萝卜土豆丝	3	0	0	0	0	0	0	2016-08-21
追风少年鹰老七	3	0	0	0	0	0	0	2016-08-21
琴小蓝	3	0	0	0	0	0	0	2016-08-21
伊似君心	3	0	0	0	0	0	0	2016-08-21
零时雨纸	3	0	0	0	0	0	0	2016-08-21
唐舞桐灬	3	0	0	0	0	0	0	2016-08-21
祠下	3	0	0	0	0	0	0	2016-08-21
翩翩少年灬析	3	0	0	0	0	0	0	2016-08-21
转身落尽空城泪	3	0	0	0	0	0	0	2016-08-21
夜雨流年	3	0	0	0	0	0	0	2016-08-21
蝶舞旧梦	3	0	0	0	0	0	0	2016-08-21
一丿登	3	0	0	0	0	0	0	2016-08-21
志方	3	0	0	0	0	0	0	2016-08-21
微澜〃	3	0	0	0	0	0	0	2016-08-21
潋澄丶	3	0	0	0	0	0	0	2016-08-21
凋零之光	3	0	0	0	0	0	0	2016-08-21
月牙冲天	3	0	0	0	0	0	0	2016-08-21
入梦落樱满熏香	3	0	0	0	0	0	0	2016-08-21
葵曼莎	3	0	0	0	0	0	0	2016-08-21
炖猪肘丶	3	0	0	0	0	0	0	2016-08-21
伱的酒窝没有酒	3	0	0	0	0	0	0	2016-08-21
琉璃千雪	3	0	0	0	0	0	0	2016-08-21
友善的小内衣	3	0	0	0	0	0	0	2016-08-21
司寇听雨	3	0	0	0	0	0	0	2016-08-21
歌风路丶三狗蛋	3	0	0	0	0	0	0	2016-08-21
小心有诈哦	3	0	0	0	0	0	0	2016-08-21
柒果果	3	0	0	0	0	0	0	2016-08-21
壹江秋明月	3	0	0	0	0	0	0	2016-08-21
纯洁友善的殇	3	0	0	0	0	0	0	2016-08-21
纯情少妇马芳玲	3	0	0	0	0	0	0	2016-08-21
洪时雪	3	0	0	0	0	0	0	2016-08-21
Yennefer	3	0	0	0	0	0	0	2016-08-21
茶凉言尽丶	3	0	0	0	0	0	0	2016-08-21
瑶君	3	0	0	0	0	0	0	2016-08-21
青春亮丽欣妈妈	3	0	0	0	0	0	0	2016-08-21
妄于	3	0	0	0	0	0	0	2016-08-21
阿翔翔	3	0	0	0	0	0	0	2016-08-21
彡电竞丿柯南乄	3	0	0	0	0	0	0	2016-08-21
恶酒。	3	0	0	0	0	0	0	2016-08-21
东风路大狗蛋	3	0	0	0	0	0	0	2016-08-21
水红芍	3	0	0	0	0	0	0	2016-08-21
紫舞流年	3	0	0	0	0	0	0	2016-08-21
冬瓜小荞	3	0	0	0	0	0	0	2016-08-21
唐泠冷	3	0	0	0	0	0	0	2016-08-21
五六柒	3	0	0	0	0	0	0	2016-08-21
彼眸	3	0	0	0	0	0	0	2016-08-21
傻孩子	3	0	0	0	0	0	0	2016-08-21
嚜韵轩華	3	0	0	0	0	0	0	2016-08-21
月下魂兮	3	0	0	0	0	0	0	2016-08-21
燕雨莲	3	0	0	0	0	0	0	2016-08-21
踏马清月夜	3	0	0	0	0	0	0	2016-08-21
锦衣卫知秋	3	0	0	0	0	0	0	2016-08-21
项辰帝	3	0	0	0	0	0	0	2016-08-21
一根直肠通大脑	3	0	0	0	0	0	0	2016-08-21
魔法少女杜芸松	3	0.5	0	0	0	0	0	2016-08-21
一息衍一	3	0	0	0	0	0	0	2016-08-21
叶菡	3	0	0	0.5	0	0	0	2016-08-21
储舜	3	0	0	0	0	0	0	2016-08-21
Sunnyboy丶桔子	3	0	0	0	0	0	0	2016-08-21
陈酒尽余欢	3	0.5	0	0	0	0	0	2016-08-21
冉灬子灬墨	3	0	0	0	0	0	0	2016-08-21
教堂里听丿情歌	3	0	0	0	0	0	0	2016-08-21
花谢人凋零。	4	6	0	1	3	10	6	2016-08-21
茴香。	4	5	1	1	2	9	6	2016-08-21
独孤杀生	4	4.5	1	1	2	8	6	2016-08-21
逸仙丶王爷	4	2	2	1	2	7	6	2016-08-21
沐浠尘	4	3.5	1	1	2	7	6	2016-08-21
太子彬	4	5	0	1	1	7	6	2016-08-21
墨萧炎	4	5	0	1	1	7	6	2016-08-21
枫丿吟月	4	3	0	0.5	3	6	6	2016-08-21
树儿高高长	4	3.5	0	1	2	6	6	2016-08-21
夜白衣	4	3.5	0	1	2	6	6	2016-08-21
鱼香	4	2.5	2	1	1	6	6	2016-08-21
超蠢的等风呀	4	2.5	0	0.5	3	6	6	2016-08-21
芍药児	4	3.5	0	1	2	6	6	2016-08-21
FateLibra	4	2.5	2	1	1	6	6	2016-08-21
剑惜玉	4	2	2	1	1	6	6	2016-08-21
梓珏	4	2.5	1	1	2	6	6	2016-08-21
执劍小书生	4	2.5	0	1	2	5	5	2016-08-21
口味太怪	4	2	1	1	1	5	5	2016-08-21
FateScorpio	4	2.5	1	1	1	5	5	2016-08-21
晓月梦澈	4	4	0	1	0	5	5	2016-08-21
榕月	4	2	2	0	1	5	5	2016-08-21
时光不矜持	4	3.5	1	0	1	5	5	2016-08-21
竹暮沐酒笙	4	0.5	1	1	2	4	4	2016-08-21
盖世呆头洋	4	2.5	0	1	1	4	4	2016-08-21
男人应有的自豪	4	2.5	0	1	1	4	4	2016-08-21
清晨点支烟。	4	1.5	0	0	3	4	4	2016-08-21
天语灬幻影	4	2.5	0	1	1	4	4	2016-08-21
慕城雪	4	3.5	0	0	1	4	4	2016-08-21
鱼小小	4	2	1	1	0	4	4	2016-08-21
荆轲已逝高渐离	4	3.5	0	1	0	4	4	2016-08-21
倔强的小屁股	4	2	0	0.5	2	4	4	2016-08-21
汪映雪	4	3	0	0.5	0	3	3	2016-08-21
甄心	4	2	0	1	0	3	3	2016-08-21
佚名。	4	1.5	0	1	1	3	3	2016-08-21
在下唐言	4	3	0	0	0	3	3	2016-08-21
秦川吉娃娃	4	1.5	1	1	0	3	3	2016-08-21
东越雪纳瑞	4	2.5	0	0	1	3	3	2016-08-21
胡大力	4	1	0	0	1	2	2	2016-08-21
酒倾轻竹影	4	0.5	0	1	1	2	2	2016-08-21
丐帮汪剑通	4	1.5	0	0	1	2	2	2016-08-21
萌萌萌银子	4	0	0	0	2	2	2	2016-08-21
黑泽丶八重	4	0.5	0	1	1	2	2	2016-08-21
破烂刀客	4	1	0	1	0	2	2	2016-08-21
拌蠢蠢	4	0.5	1	0.5	0	2	2	2016-08-21
友善的小鱼	4	1	0	1	0	2	2	2016-08-21
巴蜀萨摩耶	4	0.5	0	1	1	2	2	2016-08-21
企及	4	2	0	0	0	2	2	2016-08-21
苏幕清	4	2	0	0	0	2	2	2016-08-21
C丶C丶	4	1	0	0	1	2	2	2016-08-21
黑泽丶纱重	4	1	0	1	0	2	2	2016-08-21
拾勾枯爬尖	4	2	0	0	0	2	2	2016-08-21
邱少	4	0	0	0	1	1	1	2016-08-21
无爱别演	4	0	0	0.5	1	1	1	2016-08-21
伴之则暖。	4	0.5	1	0	0	1	1	2016-08-21
超人不会飞〃	4	0	0	0	1	1	1	2016-08-21
花儿盛盛开	4	1	0	0	0	1	1	2016-08-21
神威再见	4	0.5	0	1	0	1	1	2016-08-21
守护锋	4	1.5	0	0	0	1	1	2016-08-21
阿茶君	4	0	0	0	0	0	0	2016-08-21
笑看浮华红尘事	4	0	0	0	0	0	0	2016-08-21
颂碑寒	4	0	0	0	0	0	0	2016-08-21
慕瑾遥	4	0	0	0	0	0	0	2016-08-21
、陌上看花	4	0	0	0	0	0	0	2016-08-21
柠小檬丶	4	0	0	0	0	0	0	2016-08-21
浮生半日	4	0	0	0	0	0	0	2016-08-21
冷沐瞳	4	0	0	0	0	0	0	2016-08-21
涟漪十三	4	0	0	0	0	0	0	2016-08-21
雪遥	4	0	0	0	0	0	0	2016-08-21
钟离三昧	4	0	0	0	0	0	0	2016-08-21
千雪冰鳳	4	0	0	0	0	0	0	2016-08-21
冷汐宇	4	0	0	0	0	0	0	2016-08-21
一叶知秋づ	4	0	0	0	0	0	0	2016-08-21
大迷失丶	4	0	0	0	0	0	0	2016-08-21
逍遥芙蕖	4	0	0	0	0	0	0	2016-08-21
月夜凉	4	0	0	0	0	0	0	2016-08-21
丶天蓝色	4	0	0	0	0	0	0	2016-08-21
影灬圣	4	0.5	0	0	0	0	0	2016-08-21
梨花黛雨	4	0	0	0	0	0	0	2016-08-21
淡然置之	4	0	0	0	0	0	0	2016-08-21
夏又離	4	0	0	0	0	0	0	2016-08-21
红丶雪	4	0	0	0	0	0	0	2016-08-21
格里斯贝恩	4	0	0	0	0	0	0	2016-08-21
F丨小乖	4	0	0	0	0	0	0	2016-08-21
浪哩个浪	4	0	0	0	0	0	0	2016-08-21
烈凝风	4	0	0	0	0	0	0	2016-08-21
丶神楽	4	0	0	0	0	0	0	2016-08-21
唐卿凝	4	0	0	0	0	0	0	2016-08-21
秦友善。	4	0	0	0	0	0	0	2016-08-21
宝	4	0	0	0	0	0	0	2016-08-21
余夜阑珊	4	0	0	0	0	0	0	2016-08-21
易小川	4	0	0	0	0	0	0	2016-08-21
再见是否红着脸	4	0	0	0.5	0	0	0	2016-08-21
凉山伯	4	0	0	0	0	0	0	2016-08-21
首领之傲毛润之	4	0	0	0	0	0	0	2016-08-21
偌米粥丶	4	0	0	0	0	0	0	2016-08-21
语丶殇	4	0	0	0	0	0	0	2016-08-21
务必叫我欧皇	4	0	0	0	0	0	0	2016-08-21
西北峰	4	0	0	0	0	0	0	2016-08-21
樱桃さま	4	0	0	0	0	0	0	2016-08-21
葉窕	4	0	0	0	0	0	0	2016-08-21
琉璎	4	0	0	0	0	0	0	2016-08-21
辉辉辉辉丶輝	4	0	0	0	0	0	0	2016-08-21
太极魔尊	4	0	0	0	0	0	0	2016-08-21
雪糕失望	4	0	0	0	0	0	0	2016-08-21
鱼爸爸	4	0	0	0	0	0	0	2016-08-21
琴韵红衣丶心	4	0	0	0	0	0	0	2016-08-21
神威司空阿龙	4	0	0	0	0	0	0	2016-08-21
雷凌钥	4	0	0	0	0	0	0	2016-08-21
辉煌PT	4	0	0	0	0	0	0	2016-08-21
檀羽冲	4	0	0	0	0	0	0	2016-08-21
丶薛日天	4	0	0	0	0	0	0	2016-08-21
潇潇暮雨	4	0	0	0	0	0	0	2016-08-21
Jocelyn	4	0	0	0	0	0	0	2016-08-21
墨語丶	4	0	0	0	0	0	0	2016-08-21
叶天簌	4	0	0	0	0	0	0	2016-08-21
千怀	4	0	0	0	0	0	0	2016-08-21
薛无衡	4	0.5	0	0	0	0	0	2016-08-21
陌路莫回	4	0	0	0	0	0	0	2016-08-21
别碰我的葫芦	4	0	0	0	0	0	0	2016-08-21
慕榕月	4	0	0	0	0	0	0	2016-08-21
丅⌒丅	4	0	0	0	0	0	0	2016-08-21
兮颜洛水	4	0	0	0	0	0	0	2016-08-21
安好晴天	4	0	0	0	0	0	0	2016-08-21
狄万钧	4	0	0	0	0	0	0	2016-08-21
sad自行车	4	0	0	0	0	0	0	2016-08-21
暮小曦丶	4	0	0	0	0	0	0	2016-08-21
万年孤独	4	0	0	0	0	0	0	2016-08-21
壬生京大郎	4	0	0	0	0	0	0	2016-08-21
冷凝香。	4	0	0	0	0	0	0	2016-08-21
丶忍野咩咩	4	0	0	0	0	0	0	2016-08-21
离尝	4	0	0	0	0	0	0	2016-08-21
上官妙玥	4	0	0	0	0	0	0	2016-08-21
灵梦小妖	4	0	0	0	0	0	0	2016-08-21
从前玩真武	4	0	0	0	0	0	0	2016-08-21
大大大大西瓜丶	4	0	0	0	0	0	0	2016-08-21
惜玉挽轻裳	4	0	0	0	0	0	0	2016-08-21
太白洗衣液	4	0	0	0	0	0	0	2016-08-21
丐帮金鹏长老	4	0	0	0	0	0	0	2016-08-21
皈依奶小牛丶	4	0	0	0	0	0	0	2016-08-21
咸鱼天香	4	0	0	0	0	0	0	2016-08-21
回头我就在身后	4	0	0	0	0	0	0	2016-08-21
卑鄙的熊猫	4	0	0	0	0	0	0	2016-08-21
萧劲城	4	0	0	0	0	0	0	2016-08-21
曲终无意	4	0	0	0	0	0	0	2016-08-21
泪忆寒、	4	0	0	0	0	0	0	2016-08-21
超懒的阿元呀	4	0	0	0	0	0	0	2016-08-21
苏洛伊	4	0	0	0	0	0	0	2016-08-21
容子欢	4	0	0	0	0	0	0	2016-08-21
