1 乐璟 3 5
2 时辰信叁 2 4
3 紫雨幽雲 4 4
4 机智勇敢的小兔 2 4
5 仑吾山、盖聂 1 3
6 唐初訫 2 2
7 无名唐大夫 1 1
8 蚩尤魔人 1 1
9 一曲天涯梦未远 1 1
10 机智勇敢的小月 1 1
11 彡电竞丿柯南乄 1 1
12 飘渺磊 1 1
13 言柳 1 1
14 梦觞丶 1 1
15 机智勇敢的小浪 0 0
16 淺笙 0 0
17 我的舌头会跳舞 0 0
18 邱少 0 0
19 紫舞流年 0 0
20 墨萧炎 0 0
21 煌煌 0 0
22 知南茶清 0 0
23 机智勇敢的小猪 0 0
24 淡若清风過丶 0 0
25 墨韵轩华 0 0
26 凯 0 0
27 丿几度度丶 0 0
28 柒叶浅 0 0
29 儒丶张良 0 0
30 一暮夏一 0 0
31 椛灯 0 0
32 机智勇敢的小吊 0 0
33 框框 0 0
34 蘃 0 0
35 狂灬黑 0 0
36 若汐 0 0
37 ＊下水道的威 0 0
38 乌莲娜 0 0
39 一息衍一 0 0
40 太极至尊 0 0
41 等风与你 0 0
42 爇爇爇 0 0
43 翎羽寒心 0 0
44 零拾 0 0
45 那年红颜 0 0
46 董汉卿 0 0
47 墨炽 0 0
48 等我出轻语 0 0
49 一曲天涯醉月光 0 0
50 手握大牙签 0 0
51 苍镜 0 0
52 Yennefer 0 0
53 方得始終 0 0
54 怒怒怒怒火 0 0
55 百里轩翊 0 0
56 顾北歌寒 0 0
57 楪夢 0 0
58 纯洁友善的殇 0 0
59 浩浩丶浩 0 0
60 古巷烟雨断桥殇 0 0
61 再见是否红着脸 0 0
62 甄心 0 0
63 亲爱的未闻花名 0 0
64 何处似潇湘 0 0
65 树儿高高长 0 0
66 东风路三狗蛋 0 0
67 墨河 0 0
68 Tusy 0 0
69 清弦 0 0
70 荡荡 0 0
71 全城竟是小白兔 0 0
72 奶小牛丶 0 0
73 格殺 0 0
74 万心忧 0 0
75 放肆流逝的年华 0 0
76 一抹煙雨落繁華 0 0
77 时钟轻摇孤独 0 0
78 木易丶凝烟 0 0
79 濡循 1 0
80 山高丶木易 0 0
81 落花丶醉 0 0
82 美美噠 0 0
83 最可爱的师姐 0 0
84 拌饭萌面酥 0 0
85 陌路莫回 0 0
86 格七 0 0
87 踏马清月夜 0 0
88 灬醉丨雲嫣 0 0
89 毕夏有毓 0 0
90 在水一方丶丶 0 0
91 叶菡 0 0
92 丶她有清喉 0 0
93 蝶舞旧梦 0 0
94 殇月未觞 0 0
95 一直梨花压海棠 0 0
96 荆轲已逝高渐离 0 0
97 凌雲沐枫 0 0
98 梦太晚 0 0
99 章鱼宝宝 0 0
100 青城爱未恋 0 0
101 巡山的人 0 0
102 ′浪浪 0 0
103 为君丶祭酒 0 0
104 潇洒仗剑天下 0 0
105 一人一枪闯九州 0 0
106 鱼香 0 0
107 凡哥的祖父 0 0
108 棒棒噠 0 0
109 潇湘灬墨染 0 0
110 池小猫 0 0
111 心念旧人颜 0 0
112 其实想玩刀客 0 0
113 洪时雪 0 0
114 只想做个好人 0 0
115 曲终无意 0 0
116 帅气无敌康爸爸 0 0
117 守护锋 0 0
