1 这下可好啦 24 38
2 关翔予 17 27
3 い楓ゞ妖い 25 25
4 只想做个好人 12 24
5 俱利摩 22 24
6 淺笙 22 24
7 零拾 11 21
8 画摟他暖 7 15
9 神威再见 13 13
10 冬凝寒 11 11
11 年瑾倾城玉蝴蝶 6 10
12 浅歌丶濢曦轻衣 9 9
13 素蝶 8 8
14 鱼小小 5 7
15 紫雨幽雲 5 7
16 此情珂待 7 7
17 我是天香的啊 6 6
18 丿几度度丶 3 5
19 墨韵轩华 3 5
20 笑看浮华红尘事 2 4
21 蘃 2 4
22 那年红颜 2 4
23 明年今日奕十年 2 4
24 冷霜刃 4 4
25 Mn丶猫猫君 4 4
26 等我出轻语 4 4
27 空虚公子萧四无 3 3
28 隔花初见君一笑 3 3
29 梅雨天丶 1 3
30 月下魂兮 1 3
31 煌煌 3 3
32 折扇浪漫 3 3
33 青羽墨染云 3 3
34 汪映雪 3 3
35 潇洒仗剑天下 3 3
36 晓月梦澈 3 3
37 暮雪醉逍遥 2 2
38 沐浠尘 2 2
39 独孤杀生 2 2
40 破烂刀客 2 2
41 伊贰叁 2 2
42 乌莲娜 2 2
43 拾勾枯爬尖 2 2
44 唐舞桐灬 2 2
45 甄心 2 2
46 余子乔丶 2 2
47 闭月羞 2 2
48 青丝枫凌 2 2
49 椛灯 1 1
50 神荼夜 1 1
51 墨萧炎 1 1
52 白芹 1 1
53 沐伯乾 1 1
54 夜白衣 1 1
55 八块腹肌小官人 1 1
56 浪迹小秦 1 1
57 太极至尊 1 1
58 北城初夏 1 1
59 曲终无意 1 1
60 凯贼阔里 1 1
61 魔法少女杜芸松 1 1
62 GoldㅈExperie 1 1
63 踏马清月夜 1 1
64 首领之傲毛润之 1 1
65 怒怒怒怒火 1 1
66 大眼睛秋秋 1 1
67 童话话 1 1
68 苏幕清 0 0
69 墨河 0 0
70 百里轩翊 0 0
71 鱼香 0 0
72 艾莉亞史塔克 0 0
73 叶枫刃 0 0
74 帅气无敌康爸爸 0 0
75 与尔同销萬古愁 0 0
76 树儿高高长 0 0
77 榕月 0 0
78 咸鱼天香 0 0
79 奶小牛丶 0 0
80 一人一枪闯九州 0 0
81 超人不会飞〃 0 0
82 蝶舞旧梦 0 0
83 再见是否红着脸 0 0
84 神刀距离 0 0
85 守护锋 0 0
86 浩浩丶浩 0 0
87 小阿淮呀 0 0
88 那年今若、 0 0
