1 紫雨幽雲 796 856
2 牛奶奶奶奶 755 755
3 框框 673 743
4 零拾 697 717
5 墨河 634 702
6 艾尔艾路弗 649 683
7 煌煌 572 650
8 那年今若、 547 647
9 其实想玩刀客 587 625
10 古巷烟雨断桥殇 564 616
11 南宫絮语 587 605
12 方得始終 554 600
13 荡荡 497 571
14 树儿高高长 545 563
15 花兮兮兮兮 507 557
16 墨萧炎 456 554
17 浪迹小秦 523 549
18 太极至尊 514 536
19 格七 498 536
20 城南穷鬼赵四 518 532
21 五六柒 507 531
22 异逍遥 499 529
23 曲终无意 502 520
24 小阿淮呀 484 518
25 机智勇敢的小炮 459 505
26 我是小官人 475 499
27 东风路三狗蛋 482 496
28 叶菡 469 491
29 一直梨花压海棠 462 478
30 奈亻可 446 472
31 格殺 458 470
32 一抹煙雨落繁華 451 469
33 苍镜 455 463
34 潇洒仗剑天下 418 452
35 彡电竞丿柯南乄 399 429
36 生气的小黄瓜 401 419
37 成溪 408 416
38 追风少年鹰老七 401 413
39 青城爱未恋 358 412
40 开封拍卖行 356 406
41 墨韵轩华 392 404
42 守护锋 375 399
43 独孤沐白 360 384
44 沐浠尘 344 376
45 魔法少女杜芸松 318 372
46 东瀛浪人展梦魂 309 323
47 墨舞丶倾城 235 255
48 青羽墨染云 225 245
49 梦觞丶 210 224
50 丶初馨 206 210
51 晓月梦澈 178 198
52 池小猫 188 194
53 奶小牛丶 108 126
54 蚩尤魔人 121 125
55 鱼小小 111 117
56 榕月 107 111
57 再见是否红着脸 66 66
58 乌莲娜 51 53
59 任离流 46 52
60 流浪的小花狼 50 50
61 甄心 37 39
62 紫舞流年 15 23
63 池小晚 13 17
64 昔昔 9 9
65 小阿鏡 5 9
66 无言上青楼 3 5
67 裴述 4 4
68 凯 2 4
69 倾舞情儿 4 4
70 花谢人凋零。 4 4
71 摩诃大梵天 2 2
72 轻素剪云端 1 1
73 万心忧 1 1
74 凯贼阔里 1 1
75 丐帮萌主 0 0
76 浩浩丶浩 0 0
77 炖猪肘丶 0 0
78 °° 0 0
79 绫月薇 0 0
80 他们不让玩神威 0 0
81 放肆流逝的年华 0 0
82 吕小栋 0 0
83 七情剑伶慕容英 0 0
84 灬醉丨雲嫣 0 0
85 唐糖～ 0 0
86 踏马清月夜 0 0
87 月怜诗涵 0 0
88 毕夏有毓 0 0
89 拌饭萌面酥 0 0
90 机智勇敢的小猪 0 0
91 淺笙 0 0
92 青衫逝 0 0
93 诸天花雨 0 0
94 怒怒怒怒火 0 0
95 ′浪浪 0 0
96 空虚公子萧四无 0 0
97 一人一枪闯九州 0 0
98 友善的小内衣 0 0
99 芝麻花生馅儿饺 0 0
100 折扇浪漫 0 0
