1 丐帮萌主 2 4
2 淡若清风過丶 1 3
3 艾莉亞史塔克 1 3
4 素蝶 2 2
5 丐帮汪剑通 0 0
6 仅是一抹渣渣茶 0 0
7 语丶殇 0 0
8 折扇浪漫 0 0
9 沐浠尘 0 0
10 墨萧炎 0 0
11 浪迹小秦 0 0
12 时钟轻摇孤独 0 0
13 俱利摩 0 0
14 神荼夜 0 0
15 丶忍野咩咩 0 0
16 放肆流逝的年华 0 0
17 墨韵轩华 0 0
18 古巷烟雨断桥殇 0 0
19 晓月梦澈 0 0
20 神奇宝贝杨尼玛 0 0
21 等风与你 0 0
22 何月凡 0 0
23 薄霭 0 0
24 颓废老男人 0 0
25 鱼小小 0 0
26 白芹 0 0
27 丶天蓝色 0 0
28 童话话 0 0
29 与尔同销萬古愁 0 0
30 仁剑震音扬 0 0
31 乌莲娜 0 0
32 丿几度度丶 0 0
33 太极至尊 0 0
34 何如此地学长生 0 0
35 墨河 0 0
36 紫雨幽雲 0 0
37 那年红颜 0 0
38 淺笙 0 0
39 只想做个好人 0 0
40 此情珂待 0 0
41 FateLibra 0 0
42 い楓ゞ妖い 0 0
43 奥利奥。巧轻脆 0 0
44 笑看浮华红尘事 0 0
45 甄心 0 0
46 FateScorpio 0 0
47 画摟他暖 0 0
48 魔法少女杜芸松 0 0
49 纯洁友善的殇 0 0
50 百里轩翊 0 0
51 关翔予 0 0
52 任离流 0 0
53 万心忧 0 0
54 梦觞丶 0 0
55 好想告诉伱 0 0
56 墨炽 0 0
57 拾勾枯爬尖 0 0
58 暮雪醉逍遥 0 0
59 零拾 0 0
60 超人不会飞〃 0 0
61 诸天花雨 0 0
62 回忆不曾悲伤 0 0
63 清弦 0 0
64 沐伯乾 0 0
65 神威再见 0 0
66 潇洒仗剑天下 0 0
67 那年今若、 0 0
68 再见是否红着脸 0 0
69 傲江湖 0 0
70 咲冭陽 0 0
71 等我出轻语 0 0
72 云海小明 0 0
73 冷晓汐丶 0 0
74 凯贼阔里 0 0
75 榕月 0 0
76 Mn丶猫猫君 0 0
77 荆轲已逝高渐离 0 0
78 执劍小书生 0 0
79 顾里丶 0 0
80 其实想玩刀客 0 0
81 这下可好啦 0 0
82 青城爱未恋 0 0
83 水影悠兰 0 0
84 明年今日奕十年 0 0
85 拌蠢蠢 0 0
86 空虚公子萧四无 0 0
87 毅生有妮丶 0 0
88 薛无衡 0 0
89 青丝枫凌 0 0
90 月下魂兮 0 0
91 咸鱼天香 0 0
92 一人一枪闯九州 0 0
93 鱼香 0 0
94 安好晴天 0 0
95 苍镜 0 0
96 曲终无意 0 0
97 梅雨天丶 0 0
98 蛋蛋疍 0 0
99 巡山的人 0 0
100 五六柒 0 0
101 余子乔丶 0 0
102 煌煌 0 0
103 浅歌丶濢曦轻衣 0 0
104 叶枫刃 0 0
105 冷沐瞳 0 0
106 友善的咸鱼白 0 0
107 汪映雪 0 0
108 叶菡 0 0
109 顾寻清 0 0
110 年瑾倾城玉蝴蝶 0 0
111 天下芒果 0 0
112 苏幕清 0 0
113 南眸 0 0
114 一个有内涵的人 0 0
115 帅气无敌康爸爸 0 0
116 苏洛伊 0 0
117 守护锋 0 0