1 临风望月爱啪啪 13 37
2 凯 5 9
3 方得始終 2 4
4 春晴 2 4
5 格殺 1 3
6 花谢人凋零。 1 3
7 浪迹小秦 3 3
8 荡荡 1 3
9 空虚公子萧四无 2 2
10 绫月薇 2 2
11 艾尔艾路弗 2 2
12 陌丶羽殇 2 2
13 异逍遥 1 1
14 丶她有清喉 1 1
15 一个有内涵的人 3 1
16 乌莲娜 1 1
17 墨舞丶倾城 1 1
18 青丝枫凌 1 1
19 任离流 1 1
20 曲终无意 1 1
21 丿Muc丨君丶陌 1 1
22 魔法少女杜芸松 1 1
23 时钟轻摇孤独 1 1
24 牛奶奶奶奶 1 1
25 繁星若珠璀璨 1 1
26 秦友善。 1 1
27 神丶陌上微光 0 0
28 浩浩丶浩 0 0
29 蚩尤魔人 0 0
30 七情剑伶慕容英 0 0
31 唐舞桐灬 0 0
32 沐浠尘 0 0
33 等我出轻语 0 0
34 穆小七灬 1 0
35 °° 0 0
36 瑾年ゝ 0 0
37 丿几度度丶 0 0
38 鱼小小 0 0
39 框框 0 0
40 狂灬黑 0 0
41 墨韵轩华 0 0
42 青羽墨染云 0 0
43 楚狂丶 0 0
44 机智勇敢的小炮 0 0
45 花兮兮兮兮 0 0
46 古巷烟雨断桥殇 0 0
47 生气的小黄瓜 0 0
48 紫舞流年 0 0
49 灬醉丨雲嫣 0 0
50 城南穷鬼赵四 0 0
51 晚下 0 0
52 煌煌 0 0
53 白芹 0 0
54 只想做个好人 0 0
55 无名唐大夫 0 0
56 零拾 0 0
57 花儿盛盛开 0 0
58 梦呓ゝ 0 0
59 怒怒怒怒火 0 0
60 蘃 0 0
61 冷晓汐丶 0 0
62 风暖伤 0 0
63 成溪 0 0
64 木易丶凝烟 0 0
65 守护锋 0 0
66 淺笙 0 0
67 墨萧炎 0 0
68 奶小牛丶 0 0
69 凯贼阔里 0 0
70 格七 0 0
71 友善的咸鱼白 0 0
72 山高丶木易 0 0
73 月怜诗涵 0 0
74 南宫絮语 0 0
75 榕月 0 0
76 小萌耍太白丶 0 0
77 椛灯 0 0
78 入梦落樱满熏香 0 0
79 陌路莫回 0 0
80 移星 0 0
81 九袋丐 0 0
82 在下唐银 0 0
83 潇洒仗剑天下 0 0
84 青城爱未恋 0 0
85 一抹煙雨落繁華 0 0
86 一直梨花压海棠 0 0
87 晓月梦澈 0 0
88 ′浪浪 0 0
89 太极至尊 0 0
90 折扇浪漫 0 0
91 墨河 0 0
92 一人一枪闯九州 0 0
93 艾莉亞史塔克 0 0
94 丶初馨 0 0
95 小阿淮呀 0 0
96 在下唐言 0 0
97 永恒只为等待 0 0
98 拌饭萌面酥 0 0
99 机智勇敢的小猪 0 0
100 咸鱼天香 0 0
101 独孤沐白 0 0
102 毕夏有毓 0 0