1 椛灯 3 5
2 墨舞丶倾城 3 5
3 丿几度度丶 2 4
4 墨萧炎 1 3
5 潇洒仗剑天下 3 3
6 零拾 3 3
7 荡荡 1 3
8 小萌耍太白丶 3 3
9 等我出轻语 3 3
10 方得始終 2 2
11 淡若清风過丶 2 2
12 墨韵轩华 2 2
13 城南穷鬼赵四 1 1
14 五六柒 1 1
15 °° 1 1
16 艾莉亞史塔克 1 1
17 放肆流逝的年华 1 1
18 独孤沐白 1 1
19 鱼小小 1 1
20 太极至尊 1 1
21 古巷烟雨断桥殇 1 1
22 丶奇怪的瞄 1 1
23 永恒只为等待 1 1
24 倾舞情儿 1 1
25 魔法少女杜芸松 1 1
26 空虚公子萧四无 1 1
27 白芹 1 1
28 晓月梦澈 1 1
29 框框 1 1
30 沐浠尘 1 1
31 七情剑伶慕容英 1 1
32 苍镜 0 0
33 苏諵 0 0
34 彡电竞丿柯南乄 0 0
35 拌饭萌面酥 0 0
36 折扇浪漫 0 0
37 一个有内涵的人 0 0
38 倾国不倾城 0 0
39 洪时雪 0 0
40 在下唐银 0 0
41 简单愛 0 0
42 一人一枪闯九州 0 0
43 那年红颜 0 0
44 守护锋 0 0
45 淺笙 0 0
46 任离流 0 0
47 乌莲娜 0 0
48 他们不让玩神威 0 0
49 在下唐言 0 0
50 紫雨幽雲 0 0
51 入梦落樱满熏香 0 0
52 成溪 0 0
53 墨河 0 0
54 甄心 0 0
55 怒怒怒怒火 0 0
56 开封拍卖行 0 0
57 艾尔艾路弗 0 0
58 蝶舞旧梦 0 0
59 煌煌 0 0
60 我是小官人 0 0
61 老滚 0 0
62 摩诃大梵天 0 0
63 唐舞桐灬 0 0
64 小阿淮呀 0 0
65 踏马清月夜 0 0
66 璐小虫 0 0
67 机智勇敢的小兔 0 0
68 花谢人凋零。 0 0
69 曲终无意 0 0
70 奈亻可 0 0
71 纯洁友善的暮夏 0 0
72 楪夢 0 0
73 墨雨丶晓枫 0 0
74 狂灬黑 0 0
75 儒丶张良 0 0
76 丶依弦 0 0
77 青丝枫凌 0 0
78 榕月 0 0
79 神威再见 0 0
80 山高丶木易 0 0
81 月怜诗涵 0 0
82 友善的小内衣 0 0
83 时钟轻摇孤独 0 0
84 ParTing丶R 0 0
85 异逍遥 0 0
86 奶小牛丶 0 0
87 凯贼阔里 0 0
88 那年今若、 0 0
89 芝麻花生馅儿饺 0 0
90 花儿盛盛开 0 0
91 邱少 0 0
92 机智勇敢的小猪 0 0
93 池小猫 0 0
94 青衫逝 0 0
95 木易丶凝烟 0 0
96 无言上青楼 0 0
97 一抹煙雨落繁華 0 0
98 炖猪肘丶 0 0
99 Tusy 0 0
100 ′浪浪 0 0
101 鱼香 0 0
102 凯 0 0
103 晚下 0 0
104 浩浩丶浩 0 0
105 梦觞丶 0 0
106 机智勇敢的小炮 0 0
107 潇湘灬墨染 0 0
108 临风望月爱啪啪 0 0