1 为君丶祭酒 0 0
2 蘃 0 0
3 若汐 0 0
4 苍镜 0 0
5 拌饭萌面酥 0 0
6 机智勇敢的小吊 0 0
7 紫舞流年 0 0
8 机智勇敢的小浪 0 0
9 潇洒仗剑天下 0 0
10 再见是否红着脸 0 0
11 机智勇敢的小猪 0 0
12 狂灬黑 0 0
13 框框 0 0
14 丿几度度丶 0 0
15 Yennefer 0 0
16 裴述 0 0
17 一暮夏一 0 0
18 墨韵轩华 0 0
19 楪夢 0 0
20 唐舞桐灬 0 0
21 顾北歌寒 0 0
22 一曲天涯梦未远 0 0
23 纯洁友善的殇 0 0
24 零拾 0 0
25 只想做个好人 0 0
26 太极至尊 0 0
27 无名唐大夫 0 0
28 墨萧炎 0 0
29 格殺 0 0
30 格七 0 0
31 殇如此忧伤 0 0
32 言柳 0 0
33 墨炽 0 0
34 紫雨幽雲 0 0
35 幻之凝雪 0 0
36 白公子x 0 0
37 白析 0 0
38 淺笙 0 0
39 一曲天涯炸大肠 0 0
40 曲终无意 0 0
41 百里轩翊 0 0
42 甄心 0 0
43 翎羽寒心 0 0
44 等风与你 0 0
45 青城爱未恋 0 0
46 九袋丐 0 0
47 怒怒怒怒火 0 0
48 叶菡 0 0
49 异逍遥 0 0
50 奶小牛丶 0 0
51 丶她有清喉 0 0
52 乌莲娜 0 0
53 飘渺磊 0 0
54 倾舞情儿 0 0
55 知南茶清 0 0
56 凡哥的祖父 0 0
57 蹲坑從不帶纸 0 0
58 荡荡 0 0
59 踏马清月夜 0 0
60 在水一方丶丶 0 0
61 山高丶木易 0 0
62 青羽墨染云 0 0
63 木易丶凝烟 0 0
64 冷晓汐丶 0 0
65 东风路三狗蛋 0 0
66 儒丶张良 0 0
67 机智勇敢的小月 0 0
68 琴韵红衣丶心 0 0
69 墨河 0 0
70 艾莉亞史塔克 0 0
71 殇月未觞 0 0
72 蝶舞旧梦 0 0
73 诸天花雨 0 0
74 等我出轻语 0 0
75 ′浪浪 0 0
76 一曲天涯醉月光 0 0
77 一抹煙雨落繁華 0 0
78 机智勇敢的小兔 0 0
79 一直梨花压海棠 0 0
80 时辰信叁 0 0
81 盖世呆头洋 0 0
82 墨雨丶晓枫 0 0
83 一息衍一 0 0
84 煌煌 0 0
85 安好晴天 0 0
86 鱼香 0 0
87 洪时雪 0 0
88 乐璟 0 0
89 守护锋 0 0
