1 潇洒仗剑天下 8 20
2 花谢人凋零。 4 8
3 墨舞丶倾城 1 3
4 凯贼阔里 0 0
5 乌莲娜 0 0
6 灬醉丨雲嫣 0 0
7 折扇浪漫 0 0
8 芝麻花生馅儿饺 0 0
9 只想做个好人 0 0
10 毕夏有毓 0 0
11 万心忧 0 0
12 魔法少女杜芸松 0 0
13 荡荡 0 0
14 浪迹小秦 0 0
15 墨河 0 0
16 与尔同销萬古愁 0 0
17 小阿鏡 0 0
18 纯洁友善的暮夏 0 0
19 蘃 0 0
20 机智勇敢的小兔 0 0
21 邱少 0 0
22 墨萧炎 0 0
23 紫舞流年 0 0
24 南宫絮语 0 0
25 帅气无敌康爸爸 0 0
26 浩浩丶浩 0 0
27 他们不让玩神威 0 0
28 只会躺不输出丶 0 0
29 零拾 0 0
30 太极至尊 0 0
31 等我出轻语 0 0
32 开封拍卖行 0 0
33 那年红颜 0 0
34 在下唐言 0 0
35 吕小栋 0 0
36 友善的大夫 0 0
37 踏马清月夜 0 0
38 小萌耍太白丶 0 0
39 山高丶木易 0 0
40 空虚公子萧四无 0 0
41 紫雨幽雲 0 0
42 机智勇敢的小炮 0 0
43 一级神兵谱 0 0
44 独孤沐白 0 0
45 白芹 0 0
46 墨韵轩华 0 0
47 绫月薇 0 0
48 纯情少妇马芳玲 0 0
49 慕容飞羽 0 0
50 花兮兮兮兮 0 0
51 冷晓汐丶 0 0
52 意邪 0 0
53 青羽墨染云 0 0
54 淺笙 0 0
55 轻笑忘 0 0
56 爱哭鼻の阿木木 0 0
57 叶菡 0 0
58 在下唐银 0 0
59 木易丶凝烟 0 0
60 椛灯 0 0
61 轻素剪云端 0 0
62 这下可好啦 0 0
63 其实想玩刀客 0 0
64 雨ゞ铃霖 0 0
65 一抹煙雨落繁華 0 0
66 凌渃尘 0 0
67 永恒只为等待 0 0
68 拌饭萌面酥 0 0
69 青城爱未恋 0 0
70 曲终无意 0 0
71 SouLmAte、小狼 0 0
72 凯 0 0
73 九袋丐 0 0
74 再见是否红着脸 0 0
75 怒怒怒怒火 0 0
76 煌煌 0 0
77 青衫逝 0 0
78 烧酒仙 0 0
79 放肆流逝的年华 0 0
80 洪时雪 0 0
81 等风与你 0 0
82 框框 0 0
83 妄于 0 0
84 蝶舞旧梦 0 0
85 一直梨花压海棠 0 0
86 晚下 0 0
87 成溪 0 0
88 牛奶奶奶奶 0 0
89 艾莉亞史塔克 0 0
90 池小晚 0 0
91 守护锋 0 0