1 紫雨幽雲 1040 1092
2 框框 1043 1069
3 拌蠢蠢 990 1016
4 诸天花雨 912 978
5 零拾 889 925
6 花谢人凋零。 861 907
7 折扇浪漫 827 897
8 水影悠兰 829 877
9 晓月梦澈 847 859
10 白芹 832 848
11 凯贼阔里 828 844
12 墨韵轩华 811 835
13 洛天岚 714 810
14 古巷烟雨断桥殇 762 802
15 怒怒怒怒火 758 802
16 冷晓汐丶 760 790
17 东风路三狗蛋 767 787
18 仁剑震音扬 713 785
19 沐浠尘 717 785
20 任离流 762 778
21 胡大力 737 777
22 FateLibra 756 766
23 荡荡 732 762
24 与尔同销萬古愁 717 759
25 洪时雪 727 755
26 百里轩翊 741 753
27 只想做个好人 702 752
28 七情剑伶慕容英 700 750
29 我是天香的啊 725 749
30 南邦佳人呀 711 745
31 树儿高高长 715 743
32 Mn丶猫猫君 719 739
33 淺笙 716 730
34 薄霭 714 722
35 花兮兮兮兮 660 720
36 墨萧炎 656 718
37 唐舞桐灬 694 716
38 凌渃尘 683 705
39 太极至尊 660 704
40 GoldㅈExperie 670 702
41 空虚公子萧四无 654 700
42 南宫絮语 675 691
43 月下魂兮 666 690
44 娇软の小屁股 660 684
45 魔法少女杜芸松 654 684
46 青丝枫凌 651 679
47 在下唐银 635 677
48 殇月未觞 657 677
49 执劍小书生 626 670
50 鱼香 632 662
51 大眼睛秋秋 626 654
52 神威再见 633 651
53 曲终无意 623 647
54 神奇宝贝杨尼玛 622 642
55 雙生逐梦 634 638
56 浪迹小秦 612 638
57 一人一枪闯九州 620 636
58 再见是否红着脸 598 634
59 い楓ゞ妖い 622 628
60 丿几度度丶 598 628
61 夜白衣 607 623
62 ＊团灭专用奶 593 623
63 雪糕失望 521 609
64 雪痴 589 609
65 逍遥乀斌斌 590 602
66 乌莲娜 557 591
67 梦觞丶 539 589
68 一直梨花压海棠 570 588
69 丶忍野咩咩 578 588
70 吕小栋 563 575
71 纯洁友善的暮夏 533 565
72 在下唐言 542 548
73 独孤杀生 528 540
74 追风少年鹰老七 517 535
75 童话话 504 518
76 八块腹肌小官人 503 517
77 丶天蓝色 512 516
78 明年今日奕十年 489 513
79 独孤沐白 469 495
80 伊贰叁 472 486
81 哒哒滴滴 473 479
82 橙橙喵呜 432 474
83 青骢绝骑塑天荒 458 468
84 套套嗷呜 446 468
85 一个有内涵的人 461 465
86 蛋蛋疍 444 462
87 等风与你 405 407
88 徐耶比 335 361
89 等我出轻语 263 265
90 那年红颜 250 256
91 放肆流逝的年华 103 109
92 叶菡 103 103
93 异逍遥 99 101
94 万心忧 67 69
95 开封拍卖行 52 58
96 丐帮萌主 49 53
97 曾岀山 34 38
98 曾許諾 12 12
99 墨河 1 1
100 踏马清月夜 0 0
101 蝶舞旧梦 0 0
