1 徐耶比 11 19
2 浪迹小秦 8 16
3 女神菲奥娜 9 11
4 墨萧炎 5 11
5 异逍遥 9 11
6 丿几度度丶 9 11
7 梦觞丶 9 11
8 超人不会飞〃 9 9
9 那年今若、 7 9
10 爱哭鼻の阿木木 7 7
11 一直梨花压海棠 7 7
12 晓月梦澈 7 7
13 素蝶 5 7
14 冷晓汐丶 5 7
15 绫月薇 6 6
16 水影悠兰 6 6
17 丶天蓝色 6 6
18 折扇浪漫 6 6
19 只会躺不输出丶 6 6
20 亲爱的未闻花名 5 5
21 与尔同销萬古愁 3 5
22 框框 5 5
23 追风少年鹰老七 5 5
24 煌煌 3 5
25 明年今日奕十年 4 4
26 此情珂待 4 4
27 南宫絮语 4 4
28 萌萌哒的草莓酱 4 4
29 青丝枫凌 3 3
30 伊贰叁 2 2
31 冷清语 2 2
32 Ander 2 2
33 轻素剪云端 2 2
34 鱼香 1 1
35 陌路莫回 1 1
36 再见是否红着脸 1 1
37 吕小栋 0 0
38 纯洁友善的暮夏 0 0
39 小阿鏡 0 0
40 神威再见 0 0
41 奶小牛丶 0 0
42 剑丶未凉 0 0
43 小阿淮呀 0 0
44 月牙冲天 0 0
45 等我出轻语 0 0
46 万心忧 0 0
47 浩浩丶浩 0 0
48 沐浠尘 0 0
49 百里轩翊 0 0
50 那年红颜 0 0
51 独孤沐白 0 0
52 墨河 0 0
53 太极至尊 0 0
54 一息衍一 0 0
55 乌莲娜 0 0
56 丶忍野咩咩 0 0
57 い楓ゞ妖い 0 0
58 木易丶凝烟 0 0
59 魔法少女杜芸松 0 0
60 零拾 0 0
61 怒怒怒怒火 0 0
62 诸天花雨 0 0
63 帅气无敌康爸爸 0 0
64 凯贼阔里 0 0
65 荡荡 0 0
66 花兮兮兮兮 0 0
67 东风路三狗蛋 0 0
68 等风与你 0 0
69 顾寻清 0 0
70 放肆流逝的年华 0 0
71 古巷烟雨断桥殇 0 0
72 叶菡 0 0
73 天韵ゝ 0 0
74 何月凡 0 0
75 笛梦一秋 0 0
76 山高丶木易 0 0
77 丶初馨 0 0
78 时钟轻摇孤独 0 0
79 拌饭萌面酥 0 0
80 凌渃尘 0 0
81 踏马清月夜 0 0
82 潇洒仗剑天下 0 0
83 空虚公子萧四无 0 0
84 池小猫 0 0
85 我是天香的啊 0 0
86 开封拍卖行 0 0
87 蝶舞旧梦 0 0
88 这下可好啦 0 0
89 SouLmAte、小狼 0 0
90 风语风＊ 0 0
91 池小晚 0 0
92 丶薛日天 0 0
93 慕容飞羽 0 0
94 浅浅笑的梅子酱 0 0
95 淺笙 0 0
96 洪时雪 0 0
97 只想做个好人 0 0
98 在下唐银 0 0
99 蘃 0 0
100 雪丶未凝 0 0
101 其实想玩刀客 0 0
102 云醉月微寒 0 0
103 树儿高高长 0 0
104 守护锋 0 0