1 墨韵轩华 233 257
2 诸天花雨 220 250
3 怒怒怒怒火 228 250
4 等风与你 222 232
5 爱哭鼻の阿木木 209 227
6 轻素剪云端 217 225
7 Ander 202 224
8 花谢人凋零。 177 223
9 魔法少女杜芸松 203 221
10 紫舞流年 207 215
11 绑定小蜜的 209 215
12 洪时雪 187 209
13 太极至尊 165 199
14 破穿 196 198
15 煌煌 181 195
16 青城爱未恋 172 186
17 纯洁友善的暮夏 177 183
18 凌渃尘 176 180
19 曲终无意 171 177
20 那年今若、 143 177
21 凯贼阔里 165 175
22 潇洒仗剑天下 164 168
23 空虚公子萧四无 153 167
24 在下唐言 158 166
25 策划∶ 142 166
26 东风路三狗蛋 156 166
27 晓月梦澈 164 164
28 小萌耍太白丶 158 164
29 一抹煙雨落繁華 152 162
30 其实想玩刀客 143 159
31 一直梨花压海棠 147 159
32 墨萧炎 143 159
33 在下唐银 134 158
34 零拾 149 157
35 徽州酒癫 157 157
36 成溪 151 155
37 小阿淮呀 138 154
38 开封拍卖行 142 154
39 再见是否红着脸 133 153
40 亲爱的未闻花名 149 151
41 彼眸 146 148
42 姬如影 144 148
43 百里轩翊 130 142
44 池小晚 124 140
45 叶菡 136 138
46 丶天蓝色 135 137
47 这下可好啦 132 136
48 丐帮萌主 116 134
49 浪迹小秦 109 131
50 机智勇敢的小炮 115 131
51 只会躺不输出丶 122 128
52 等我出轻语 125 127
53 东瀛浪人展梦魂 118 124
54 青羽墨染云 113 123
55 椛灯 118 122
56 凯 102 120
57 素蝶 120 120
58 沐浠尘 94 110
59 树儿高高长 105 109
60 咸鱼天香 97 109
61 南宫絮语 107 107
62 机智勇敢的小月 103 105
63 水影悠兰 102 104
64 明年今日奕十年 92 104
65 儒丶张良 94 104
66 鱼小小 95 99
67 乌莲娜 90 90
68 梦觞丶 86 88
69 时钟轻摇孤独 67 81
70 墨河 77 79
71 追风少年鹰老七 74 76
72 蚩尤魔人 72 72
73 青丝枫凌 71 71
74 山高丶木易 51 61
75 淡若清风過丶 55 57
76 SouLmAte、小狼 50 54
77 那年红颜 53 53
78 墨雨丶晓枫 47 51
79 何月凡 51 51
80 与尔同销萬古愁 43 47
81 丿几度度丶 37 37
82 榕月 26 26
83 小阿鏡 23 25
84 傲江湖 22 22
85 池小猫 17 19
86 徐耶比 16 16
87 帅气无敌康爸爸 12 12
88 神威再见 11 11
89 只想做个好人 5 9
90 木易丶凝烟 5 5
91 花兮兮兮兮 1 3
92 毕夏有毓 2 2
93 眉间一点白 2 2
94 灬醉丨雲嫣 2 2
95 守护锋 0 0
96 一人一枪闯九州 0 0
97 吕小栋 0 0
98 颓废老男人 0 0
99 笛梦一秋 0 0

