1 折扇浪漫 0 0
2 南宫灼影 0 0
3 东越雪纳瑞 0 0
4 与尔同销萬古愁 0 0
5 花谢人凋零。 0 0
6 七情剑伶慕容英 0 0
7 吕小栋 0 0
8 除了帅还有酷 0 0
9 时钟轻摇孤独 0 0
10 浪迹小秦 0 0
11 迟歌 0 0
12 俱利摩 0 0
13 天语灬幻影 0 0
14 汐月暮云 0 0
15 小阿淮呀 0 0
16 甄心 0 0
17 再见是否红着脸 0 0
18 姬如影 0 0
19 之绵 0 0
20 晓月梦澈 0 0
21 超人不会飞〃 0 0
22 墨韵轩华 0 0
23 其实想玩刀客 0 0
24 沐浠尘 0 0
25 云海小明 0 0
26 诸天花雨 0 0
27 鱼小小 0 0
28 乞丐也能很强 0 0
29 太子彬 0 0
30 浪琴 0 0
31 太极至尊 0 0
32 紫雨幽雲 0 0
33 FateScorpio 0 0
34 执劍小书生 0 0
35 霸天倪 0 0
36 口味太怪 0 0
37 独孤杀生 0 0
38 在下唐言 0 0
39 墨萧炎 0 0
40 FateLibra 0 0
41 逸仙丶王爷 0 0
42 酒倾轻竹影 0 0
43 等我出轻语 0 0
44 树儿高高长 0 0
45 仁剑震音扬 0 0
46 之锦 0 0
47 关翔予 0 0
48 GoldㅈExperie 0 0
49 青丝如沫 0 0
50 墨河 0 0
51 霸天糕 0 0
52 沐伯乾 0 0
53 男人应有的自豪 0 0
54 茴香。 0 0
55 此情珂待 0 0
56 猥琐大叔和猫咪 0 0
57 梦觞丶 0 0
58 潇洒仗剑天下 0 0
59 何月凡 0 0
60 蛋蛋疍 0 0
61 超蠢的等风呀 0 0
62 明年今日奕十年 0 0
63 伊贰叁 0 0
64 花兮兮兮兮 0 0
65 东风路三狗蛋 0 0
66 枫丿吟月 0 0
67 北城初夏 0 0
68 淺笙 0 0
69 楪夢 0 0
70 破烂刀客 0 0
71 小雪妖 0 0
72 南宫絮语 0 0
73 尐浣熊。 0 0
74 晓晨晨晨 0 0
75 丶伴我几度 0 0
76 一个有内涵的人 0 0
77 凛柒っ 0 0
78 夜白衣 0 0
79 拌蠢蠢 0 0
80 凌渃尘 0 0
81 艾莉亞史塔克 0 0
82 月下魂兮 0 0
83 白析 0 0
84 鱼香 0 0
85 那年红颜 0 0
86 梓珏 0 0
87 曲终无意 0 0
88 張君雅。 0 0
89 余子乔丶 0 0
90 SouLmAte、小狼 0 0
91 蝶舞旧梦 0 0
92 Mn丶猫猫君 0 0
93 鱼丶大大 0 0
94 盖世呆头洋 0 0
95 友善的小鱼 0 0
96 苏幕清 0 0
97 无敌阿汤哥 0 0
98 叶菡 0 0
99 天刀。 0 0
100 万年孤独 0 0
101 在下唐银 0 0
102 丐帮汪剑通 0 0
103 一时春色 0 0
104 无爱别演 0 0
105 吾寄愁心与明月 0 0
106 〃北梦木兮 0 0
1 天下芒果 0 0
2 牛奶奶奶奶 0 0
3 ޓ一梦换须臾 0 0
4 琴小蓝 0 0
5 奶一甩喂八荒 0 0
6 剑惜玉 0 0
7 青骢绝骑塑天荒 0 0
8 小雪妖 0 0
9 西决决哈哈哈 0 0
10 时光不矜持 0 0
11 哒哒滴滴 0 0
12 农奴翻身当地主 0 0
13 樱夢 0 0
14 唐门王俊凯 0 0
15 杯面半藏 0 0
