1 紫雨幽雲 806 944
2 框框 816 838
3 張君雅。 777 803
4 拌蠢蠢 769 799
5 尐浣熊。 694 796
6 诸天花雨 703 765
7 怒怒怒怒火 713 761
8 墨河 612 680
9 凌渃尘 614 664
10 零拾 591 627
11 等风与你 573 613
12 只想做个好人 475 595
13 魔法少女杜芸松 527 589
14 椛灯 581 587
15 叶菡 553 577
16 此情珂待 560 566
17 花谢人凋零。 493 565
18 清弦 515 559
19 安好晴天 554 554
20 浅歌丶濢曦轻衣 543 545
21 白芹 508 538
22 青羽墨染云 492 536
23 异逍遥 491 529
24 折扇浪漫 469 523
25 墨韵轩华 481 509
26 潇洒仗剑天下 457 505
27 俱利摩 439 497
28 Mn丶猫猫君 475 497
29 青城爱未恋 431 487
30 画摟他暖 461 483
31 神威再见 430 478
32 丿几度度丶 445 475
33 梅雨天丶 470 470
34 煌煌 440 470
35 永恒永远十八岁 436 462
36 年瑾倾城玉蝴蝶 418 448
37 沐浠尘 403 447
38 东瀛浪人展梦魂 413 447
39 空虚公子萧四无 414 442
40 咲冭陽 407 439
41 月下魂兮 418 432
42 凯贼阔里 399 429
43 任离流 369 415
44 守护锋 355 413
45 其实想玩刀客 363 401
46 男人应有的自豪 379 399
47 楪夢 351 391
48 淡若清风過丶 374 390
49 这下可好啦 360 386
50 曲终无意 353 383
51 薄霭 372 376
52 迟歌 374 374
53 拾勾枯爬尖 362 372
54 丶忍野咩咩 354 368
55 树儿高高长 344 366
56 冬凝寒 356 366
57 仁剑震音扬 338 364
58 我是天香的啊 359 363
59 鱼香 342 360
60 意邪 357 359
61 鱼小小 330 346
62 天下芒果 336 342
63 淺笙 326 336
64 木易丶凝烟 309 315
65 梦觞丶 285 315
66 乌莲娜 304 312
67 套套嗷呜 273 311
68 八块腹肌小官人 301 307
69 冉灬子墨 293 307
70 丶天蓝色 296 306
71 GoldㅈExperie 277 305
72 丐帮汪剑通 300 302
73 丶吴宇森 278 296
74 夜白衣 268 288
75 大眼睛秋秋 263 279
76 南宫絮语 263 273
77 明年今日奕十年 254 268
78 橙橙喵呜 257 259
79 山高丶木易 245 259
80 青骢绝骑塑天荒 234 258
81 花兮兮兮兮 189 255
82 水影悠兰 222 234
83 奥利奥。巧轻脆 219 223
84 闭月羞 202 220
85 汪映雪 219 219
86 太极至尊 180 216
87 浪迹小秦 200 212
88 蛋蛋疍 196 200
89 那年红颜 184 184
90 何月凡 170 174
91 吕小栋 167 167
92 顾寻清 149 149
93 北城初夏 123 123
94 素蝶 119 119
95 丐帮萌主 107 117
96 青丝枫凌 109 115
97 い楓ゞ妖い 104 114
98 芍药児 92 92
99 再见是否红着脸 71 89
100 蝶舞旧梦 80 80
101 傲江湖 68 68
102 一人一枪闯九州 57 61
103 榕月 55 55
104 踏马清月夜 52 52
105 关翔予 47 49
106 帅气无敌康爸爸 47 49
107 超人不会飞〃 42 46
108 叶枫刃 43 43
109 笑看浮华红尘事 36 36
110 奶小牛丶 19 19
111 艾莉亞史塔克 15 17
112 卢大勇 8 8
113 苏幕清 5 5
114 青丶玄 2 2
115 七情剑伶慕容英 2 2

