1 笑看丶天下 62 92
2 墨萧炎 50 76
3 煌煌 56 68
4 树儿高高长 54 60
5 丿几度度丶 47 59
6 丶她有清喉 53 59
7 陌路莫回 49 59
8 青城爱未恋 50 56
9 男人应有的自豪 49 55
10 墨韵轩华 52 54
11 凡哥的祖父 45 53
12 冷晓汐丶 52 52
13 彡电竞丿柯南W 48 52
14 墨炽 45 49
15 全城竟是小白兔 43 47
16 一人一枪闯九州 45 45
17 等我出轻语 45 45
18 奶妈起余音 40 44
19 机智勇敢的小猪 34 44
20 机智勇敢的小吊 34 42
21 机智勇敢的小炮 31 39
22 一直梨花压海棠 34 38
23 \笙 32 34
24 凯贼阔里 30 34
25 奶小牛丶 28 34
26 曲终无意 30 32
27 格 27 29
28 古巷烟雨断桥殇 25 29
29 淡若清风^丶 20 26
30 荡荡 17 23
31 池小晚 15 19
32 ′浪浪 18 18
33 一曲天涯炸大肠 17 17
34 等风与你 13 15
35 白公子x 14 14
36 格七 12 14
37 梦觞丶 10 10
38 美美} 8 8
39 只想做个好人 1 3
40 琴韵红衣丶心 1 1
41 苍镜 1 1
42 框框 1 1
43 乐Z 0 0
44 紫舞流年 0 0
45 丶倾弦 0 0
46 任离流 0 0
47 My丶殇 0 0
48 一曲天涯梦未远 0 0
49 青羽墨染云 0 0
50 蹲坑牟е 0 0
51 潇洒仗剑天下 0 0
52 知南茶清 0 0
53 乌莲娜 0 0
54 山高丶木易 0 0
55 异逍遥 0 0
56 仑吾山、盖聂 0 0
57 杂粮煎饼 0 0
58 幻之凝雪 0 0
59 灬醉丨嫣 0 0
60 浩浩丶浩 0 0
61 时钟轻摇孤独 0 0
62 G 0 0
63 零拾 0 0
64 香扒饭 0 0
65 紫雨幽 0 0
66 殇如此忧伤 0 0
67 帅气无敌康爸爸 0 0
68 懒小孩 0 0
69 拌饭萌面酥 0 0
70 一抹雨落繁A 0 0
71 二瞳 0 0
72 百里轩翊 0 0
73 翎羽寒心 0 0
74 ULan 0 0
75 踏马清月夜 0 0
76 噬心人 0 0
77 墨河 0 0
78 毕夏有毓 0 0
79 言柳 0 0
80 董锋 0 0
81 随你几时丶 0 0
82 木易丶凝烟 0 0
83 美人倾城 0 0
84 舞恋月 0 0
85 东风路三狗蛋 0 0
86 裴述 0 0
87 叶菡 0 0
88 其实想玩刀客 0 0
89 守护锋 0 0
90 太极至尊 0 0
91 君挽言 0 0
92 机智勇敢的小浪 0 0
93 顾北歌寒 0 0
94 机智勇敢的小明 0 0
95 若汐 0 0
96 狂灬黑 0 0
97 QQ绿钻 1 0
98 再见是否红着脸 0 0
99 凡人的梦 0 0
100 叁岁丶 0 0
101 摩诃大梵天 0 0
102 渡亡 0 0
103 机智勇敢的小兔 0 0
104 殇月未觞 0 0
105 时辰信叁 0 0
106 一曲天涯醉月光 0 0
107 诸天花雨 0 0
108 几度度丶 0 0
109 洪时雪 0 0
110 儒丶张良 0 0
111 凯 0 0
112 艾莉史塔克 0 0
113 蝶舞旧梦 0 0
114 柒叶浅 0 0
115 机智勇敢的小珞 0 0