1 伊贰叁 1 3
2 阴萤儿 1 1
3 框框 1 1
4 月下魂兮 1 1
5 南宫灼影 1 1
6 沐浠尘 0 0
7 丐帮汪剑通 0 0
8 除了帅还有酷 0 0
9 迟歌 0 0
10 吕小栋 0 0
11 欧阳丶紫薰 0 0
12 花炮炮炮炮 0 0
13 白马落叶总相依 0 0
14 浪迹小秦 0 0
15 蘃 0 0
16 小阿淮呀 0 0
17 青骢绝骑塑天荒 0 0
18 墨韵轩华 0 0
19 空虚公子萧四无 0 0
20 姬如影 0 0
21 之绵 0 0
22 悠酒幽 0 0
23 凡人的梦 0 0
24 苍镜 0 0
25 仙Girl雪飞霜 0 0
26 鱼小小 0 0
27 时光不矜持 0 0
28 诸天花雨 0 0
29 七情剑伶慕容英 0 0
30 凤栖梧桐叶 0 0
31 梵天Swagger 0 0
32 折扇浪漫 0 0
33 酒倾轻竹影 0 0
34 浪琴 0 0
35 太极至尊 0 0
36 口味太怪 0 0
37 GoldㅈExperie 0 0
38 紫雨幽雲 0 0
39 百里轩翊 0 0
40 零拾 0 0
41 青城爱未恋 0 0
42 在下唐言 0 0
43 只想做个好人 0 0
44 奥利奥。巧轻脆 0 0
45 此情珂待 0 0
46 冷霜刃 0 0
47 超人不会飞〃 0 0
48 巴蜀萨摩耶 0 0
49 鱼丶大大 0 0
50 魔法少女杜芸松 0 0
51 纯洁友善的殇 0 0
52 俱利摩 0 0
53 楪夢 0 0
54 夜冥雪 0 0
55 丶吴宇森 0 0
56 之锦 0 0
57 茴香。 0 0
58 暮雪醉逍遥 0 0
59 梦觞丶 0 0
60 煌煌 0 0
61 男人应有的自豪 0 0
62 晓月梦澈 0 0
63 太子彬 0 0
64 薛无衡 0 0
65 水影悠兰 0 0
66 潇洒仗剑天下 0 0
67 拾勾枯爬尖 0 0
68 明年今日奕十年 0 0
69 榕月 0 0
70 大眼睛秋秋 0 0
71 乞丐也能很强 0 0
72 八块腹肌小官人 0 0
73 花兮兮兮兮 0 0
74 破烂刀客 0 0
75 冷晓汐丶 0 0
76 南巷末枝 0 0
77 何月凡 0 0
78 青羽墨染云 0 0
79 训练大师森三白 0 0
80 毅生有妮丶 0 0
81 南宫絮语 0 0
82 暖倾。 0 0
83 尐浣熊。 0 0
84 其实想玩刀客 0 0
85 丶伴我几度 0 0
86 樱夢 0 0
87 晓晨晨晨 0 0
88 芍药児 0 0
89 夜白衣 0 0
90 拌蠢蠢 0 0
91 与尔同销萬古愁 0 0
92 再见是否红着脸 0 0
93 淺笙 0 0
94 年瑾倾城玉蝴蝶 0 0
95 萧劲城 0 0
96 花谢人凋零。 0 0
97 鱼香 0 0
98 在下唐银 0 0
99 洪时雪 0 0
100 盖世呆头洋 0 0
101 荡荡 0 0
102 五六柒 0 0
103 墨炽 0 0
104 SouLmAte、小狼 0 0
105 秋末黑白 0 0
106 蝶舞旧梦 0 0
107 奶小牛丶 0 0
108 叶枫刃 0 0
109 蛋蛋疍 0 0
110 树儿高高长 0 0
111 橙橙喵呜 0 0
112 壹江秋明月 0 0
113 神奇宝贝妮小白 0 0
114 北城初夏 0 0
115 い楓ゞ妖い 0 0
116 异逍遥 0 0
117 倾舞情儿 0 0
118 项辰帝 0 0
119 凯贼阔里 0 0
120 守护锋 0 0
