1 紫雨幽雲 588 642
2 墨河 511 545
3 古巷烟雨断桥殇 491 541
4 奶小牛丶 477 521
5 凌渃尘 482 516
6 墨萧炎 449 509
7 南宫絮语 505 509
8 独孤沐白 490 504
9 百里轩翊 448 494
10 叶菡 454 486
11 沐浠尘 445 483
12 紫舞流年 441 479
13 一抹煙雨落繁華 445 479
14 唐糖～ 426 462
15 陌路莫回 418 460
16 浪迹小秦 423 441
17 墨韵轩华 398 428
18 框框 400 420
19 那年今若、 340 418
20 开封拍卖行 357 415
21 天真无邪大胡子 374 402
22 天韵ゝ 383 399
23 丶初馨 381 393
24 潇洒仗剑天下 347 379
25 花谢人凋零。 323 357
26 女神菲奥娜 332 356
27 其实想玩刀客 326 350
28 鱼香 328 348
29 冷清语 316 346
30 只会躺不输出丶 300 312
31 异逍遥 283 305
32 折扇浪漫 288 302
33 再见是否红着脸 292 302
34 超人不会飞〃 286 302
35 椛灯 266 298
36 丐帮萌主 253 287
37 等风与你 271 273
38 丶忍野咩咩 250 272
39 爱哭鼻の阿木木 259 265
40 小阿淮呀 208 226
41 淡若清风過丶 190 222
42 丿几度度丶 209 219
43 守护锋 192 216
44 鱼小小 154 172
45 太极至尊 133 169
46 薄霭 152 168
47 洪时雪 153 153
48 东风路三狗蛋 133 149
49 永恒只为等待 134 148
50 巡山的人 114 116
51 萌萌哒的草莓酱 87 107
52 盖世呆头洋 97 103
53 彼眸 74 76
54 梦觞丶 59 75
55 凰荼歌 64 72
56 い楓ゞ妖い 67 69
57 伊贰叁 60 60
58 微微醉的葫芦酱 38 52
59 骑驴不喝酒 47 47
60 素蝶 18 18
61 浅浅笑的梅子酱 17 17
62 唐舞桐灬 11 11
63 轻素剪云端 4 8
64 丶天蓝色 6 6
65 友善的小内衣 4 6
66 晓月梦澈 6 6
67 那年红颜 1 3
68 一将羽霄一 3 3
69 乌莲娜 1 1
70 怒怒怒怒火 1 1
71 凯贼阔里 1 1
72 诸天花雨 1 1
73 一个有内涵的人 0 0
74 一息衍一 0 0
75 儒丶张良 0 0
76 魔法少女杜芸松 0 0
77 池小晚 0 0
78 男人应有的自豪 0 0
79 等我出轻语 0 0
80 神威再见 0 0
81 芝麻花生馅儿饺 0 0
82 空虚公子萧四无 0 0
83 在下唐银 0 0
84 榕月 0 0
85 浩浩丶浩 0 0
86 慕容飞羽 0 0
87 艾莉亞史塔克 0 0
88 倾舞情儿 0 0
89 淺笙 0 0
90 蝶舞旧梦 0 0
91 纯洁友善的暮夏 0 0
92 水影悠兰 0 0
93 Yennefer 0 0
94 在下唐言 0 0
95 山高丶木易 0 0
96 池小猫 0 0
97 一直梨花压海棠 0 0
98 绫月薇 0 0
99 追风少年鹰老七 0 0
100 木易丶凝烟 0 0
101 劍問兲涯覓紅颜 0 0
