大眼睛秋秋	1	5	1	0.5	3	9	6	2016-09-23
阴萤儿	1	5	1	0.5	3	9	6	2016-09-23
迟歌	1	5	1	0.5	3	9	6	2016-09-23
ヅ醉晴空	1	4	2	0.5	2	8	6	2016-09-23
除了帅还有酷	1	4	2	0	2	8	6	2016-09-23
折扇浪漫	1	4	2	0.5	2	8	6	2016-09-23
小阿淮呀	1	4	1	0.5	3	8	6	2016-09-23
浪迹小秦	1	3.5	1	0.5	3	8	6	2016-09-23
与尔同销萬古愁	1	4	1	0.5	2	7	6	2016-09-23
零拾	1	3.5	2	0.5	1	7	6	2016-09-23
Mn丶猫猫君	1	3.5	2	0	2	7	6	2016-09-23
墨河	1	4	1	0.5	2	7	6	2016-09-23
雪の下八幡	1	4	2	0.5	0	6	6	2016-09-23
梦觞丶	1	3.5	1	0.5	1	6	6	2016-09-23
鬼符三清	1	4	0	0	2	6	6	2016-09-23
唐门王俊凯	1	1.5	1	0.5	2	5	5	2016-09-23
机智勇敢的小珞	1	2	0	0.5	3	5	5	2016-09-23
霖ゝ苏幕遮	1	2	1	0	2	5	5	2016-09-23
a逼c迪e诶扶鸡	1	2.5	0	0.5	2	5	5	2016-09-23
晓晨晨晨	1	1.5	0	0.5	2	4	4	2016-09-23
跟寂寞再和好丶	1	3.5	0	0.5	0	4	4	2016-09-23
古巷烟雨断桥殇	1	1.5	0	0	2	3	3	2016-09-23
时钟轻摇孤独	1	3	0	0	0	3	3	2016-09-23
南宫絮语	1	2.5	0	0.5	0	3	3	2016-09-23
太子龍	1	3	0	0	0	3	3	2016-09-23
异逍遥	1	2.5	0	0.5	0	3	3	2016-09-23
渡亡	1	0	0	0	2	2	2	2016-09-23
仼小三	1	1	1	0	0	2	2	2016-09-23
转身泪雨倾城	1	0	0	0	2	2	2	2016-09-23
花兮兮兮兮	1	2	0	0.5	0	2	2	2016-09-23
絮絮叨叨的刀	1	1.5	1	0	0	2	2	2016-09-23
ヅ伴烟萝	1	0.5	0	0.5	0	1	1	2016-09-23
暮雪醉逍遥	1	0	1	0	0	1	1	2016-09-23
栖零刻	1	1.5	0	0	0	1	1	2016-09-23
慕容诗情	1	1	0	0	0	1	1	2016-09-23
一时春色	1	1	0	0	0	1	1	2016-09-23
牛奶奶奶奶	1	1	0	0.5	0	1	1	2016-09-23
花炮炮炮炮	1	1	0	0.5	0	1	1	2016-09-23
飒爽的专家	1	0	0	0	0	0	0	2016-09-23
工口字幕组	1	0	0	0	0	0	0	2016-09-23
白天敏	1	0.5	0	0	0	0	0	2016-09-23
澪澪	1	0	0	0	0	0	0	2016-09-23
冷殘心	1	0	0	0	0	0	0	2016-09-23
唐门仐少	1	0	0	0	0	0	0	2016-09-23
QQ绿钻	1	0	0	0	0	0	0	2016-09-23
若问闲情都几许	1	0	0	0	0	0	0	2016-09-23
慕落弦	1	0	0	0	0	0	0	2016-09-23
北溟有渔曰萌	1	0	0	0	0	0	0	2016-09-23
满分丶离渊	1	0	0	0	0	0	0	2016-09-23
箫布吉	1	0	0	0	0	0	0	2016-09-23
劳资好萌好可爱	1	0	0	0	0	0	0	2016-09-23
秋叶微寒	1	0	0	0	0	0	0	2016-09-23
丶海棠丶	1	0	0	0	0	0	0	2016-09-23
素蝶	1	0	0	0	0	0	0	2016-09-23
耐侀	1	0	0	0	0	0	0	2016-09-23
水纹衫丶	1	0	0	0	0	0	0	2016-09-23
老娘是人来疯	1	0	0	0	0	0	0	2016-09-23
比逗是念着反	1	0	0	0	0	0	0	2016-09-23
可夏南栀	1	0	0	0	0	0	0	2016-09-23
牧西城	1	0	0	0	0	0	0	2016-09-23
凰荼歌	1	0	0	0	0	0	0	2016-09-23
巡山的人	1	0	0	0	0	0	0	2016-09-23
吕小栋	1	0	0	0	0	0	0	2016-09-23
超能英雄	1	0	0	0	0	0	0	2016-09-23
蜜桃君	1	0	0	0	0	0	0	2016-09-23
承受我得狂或野	1	0	0	0	0	0	0	2016-09-23
丶若芷	1	0	0	0	0	0	0	2016-09-23
农奴翻身当地主	1	0	0	0	0	0	0	2016-09-23
君玉心	1	0	0	0	0	0	0	2016-09-23
薛涛笺	1	0	0	0	0	0	0	2016-09-23
秋末黑白	1	0	0	0	0	0	0	2016-09-23
安九岁	1	0	0	0	0	0	0	2016-09-23
独孤沐白	1	0	0	0	0	0	0	2016-09-23
我是你狼叔啊	1	0	0	0	0	0	0	2016-09-23
√蓝莓巧克力丶	1	0	0	0	0	0	0	2016-09-23
棠棠	1	0	0	0.5	0	0	0	2016-09-23
喝脉动割动脉	1	0.5	0	0	0	0	0	2016-09-23
神荼夜	1	0	0	0	0	0	0	2016-09-23
墨如渊	1	0	0	0	0	0	0	2016-09-23
太极神尊	1	0	0	0	0	0	0	2016-09-23
ޓ俱是梦中人	1	0	0	0	0	0	0	2016-09-23
我是萝卜啊	1	0	0	0	0	0	0	2016-09-23
ジSunshineづ	1	0	0	0	0	0	0	2016-09-23
奥利奥。巧轻脆	1	0	0	0	0	0	0	2016-09-23
白素。	1	0	0	0	0	0	0	2016-09-23
练武风化	1	0	0	0	0	0	0	2016-09-23
袅袅余音灬	1	0	0	0	0	0	0	2016-09-23
墨泓	1	0	0	0	0	0	0	2016-09-23
赵昊昌	1	0	0	0	0	0	0	2016-09-23
〃北梦木兮	1	0	0	0	0	0	0	2016-09-23
一叶纸鸢、千念	1	0	0	0	0	0	0	2016-09-23
鸣鸿刀丶	1	0	0	0	0	0	0	2016-09-23
丶樱桃酱	1	0	0	0	0	0	0	2016-09-23
牧羊﹣	1	0	0	0	0	0	0	2016-09-23
阮沐林	1	0	0	0	0	0	0	2016-09-23
破穿	1	0	0	0	0	0	0	2016-09-23
陈日阳	1	0	0	0	0	0	0	2016-09-23
寻梦翎	1	0	0	0	0	0	0	2016-09-23
丶古力豆	1	0	0	0	0	0	0	2016-09-23
提刀独立荡八荒	1	0	0	0	0	0	0	2016-09-23
兰陵唐九霄	1	0	0	0	0	0	0	2016-09-23
青丶玄	1	0	0	0	0	0	0	2016-09-23
浪琴	1	0	0	0	0	0	0	2016-09-23
逐凌	1	0	0	0	0	0	0	2016-09-23
唐钰名	1	0	0	0	0	0	0	2016-09-23
拳脚相向1	1	0	0	0	0	0	0	2016-09-23
清新荷语	1	0	0	0	0	0	0	2016-09-23
神刀丶天降	1	0	0	0	0	0	0	2016-09-23
孟孟孟孟孟	1	0	0	0	0	0	0	2016-09-23
钟离听音丶	1	0	0	0	0	0	0	2016-09-23
浮生半日哦	1	0	0	0	0	0	0	2016-09-23
峰卷残云	1	0	0	0	0	0	0	2016-09-23
长亭外	1	0	0	0	0	0	0	2016-09-23
刺灰灰	1	0	0	0	0	0	0	2016-09-23
辛晗	1	0	0	0	0	0	0	2016-09-23
阎罗笑面佛	1	0	0	0	0	0	0	2016-09-23
天香国际	1	0	0	0	0	0	0	2016-09-23
梦回路人甲	1	0	0	0	0	0	0	2016-09-23
神异诀	1	0	0	0	0	0	0	2016-09-23
乌龙擦汗	1	0	0	0	0	0	0	2016-09-23
颓废老男人	1	0	0	0	0	0	0	2016-09-23
剑老白	1	0	0	0	0	0	0	2016-09-23
贺兰丶宁儿	1	0	0	0	0	0	0	2016-09-23
留恋兰香	1	0	0	0	0	0	0	2016-09-23
白轻寒	1	0	0	0	0	0	0	2016-09-23
青丝枫凌	1	0	0	0	0	0	0	2016-09-23
张灵风	1	0	0	0	0	0	0	2016-09-23
能杀便杀	1	0	0	0	0	0	0	2016-09-23
代璟瑗	1	0	0	0	0	0	0	2016-09-23
慕容紫诺	1	0	0	0	0	0	0	2016-09-23
老滚	1	0	0	0	0	0	0	2016-09-23
我是天香的啊	1	0	0	0	0	0	0	2016-09-23
蕾拉宝宝	1	0	0	0	0	0	0	2016-09-23
叨叨	1	0	0	0	0	0	0	2016-09-23
雪丶无忆	1	0	0	0	0	0	0	2016-09-23
肖君言	1	0	0	0	0	0	0	2016-09-23
凤鸣秋	1	0	0	0	0	0	0	2016-09-23
剑舞天涯	1	0	0	0	0	0	0	2016-09-23
跑调的张学友	1	0	0	0	0	0	0	2016-09-23
沐伯乾	1	0	0	0	0	0	0	2016-09-23
右逝	1	0	0	0	0	0	0	2016-09-23
尼古拉丁猪	1	0	0	0	0	0	0	2016-09-23
转移你的心	1	0	0	0	0	0	0	2016-09-23
陈凌风	1	0	0	0	0	0	0	2016-09-23
眉间一点白	1	0	0	0	0	0	0	2016-09-23
碧眼狐狸、赵四	1	0	0	0	0	0	0	2016-09-23
如酒如笙歌ゎ	2	4	2	0.5	3	9	6	2016-09-23
墨韵轩华	2	2.5	2	0.5	3	8	6	2016-09-23
余子乔丶	2	4	2	0	2	8	6	2016-09-23
楪夢	2	4	2	0.5	2	8	6	2016-09-23
凌渃尘	2	3	2	0	2	7	6	2016-09-23
蛋蛋疍	2	4	0	0.5	3	7	6	2016-09-23
太极至尊	2	3.5	0	0.5	3	7	6	2016-09-23
天韵、	2	4	0	0.5	3	7	6	2016-09-23
kingdan	2	4	2	0	0	6	6	2016-09-23
倾舞情儿	2	2.5	2	0	2	6	6	2016-09-23
若以梦熙わ	2	3.5	2	0	1	6	6	2016-09-23
白马落叶总相依	2	3	1	0.5	2	6	6	2016-09-23
小菜鸟的夏天	2	3.5	1	0.5	0	5	5	2016-09-23
樱夢	2	2.5	2	0	0	4	4	2016-09-23
离渊不破笑道人	2	1	1	0	2	4	4	2016-09-23
シ流氓帅哥ジ	2	3	0	0	1	4	4	2016-09-23
三千世界鴉杀尽	2	2	0	0	2	4	4	2016-09-23
怒怒怒怒火	2	3	0	0.5	0	3	3	2016-09-23
百里蕾姆	2	3.5	0	0	0	3	3	2016-09-23
醉夜玲珑	2	1	0	0	2	3	3	2016-09-23
些许	2	0	2	0	0	2	2	2016-09-23
众人皆醒我独醉	2	0.5	0	0	2	2	2	2016-09-23
任离流	2	2	0	0	0	2	2	2016-09-23
仁剑震音扬	2	0.5	0	0	2	2	2	2016-09-23
拉轰小女子	2	2	0	0	0	2	2	2016-09-23
俱利摩	2	0.5	0	0	2	2	2	2016-09-23
淺笙	2	2	0	0.5	0	2	2	2016-09-23
丿慕容晚枫	2	1.5	0	0.5	0	2	2	2016-09-23
武藏野剑太	2	0	1	0	0	1	1	2016-09-23
娜迦海妖	2	0.5	1	0	0	1	1	2016-09-23
银月丶星瞳	2	0	1	0	0	1	1	2016-09-23
荼薇与澈	2	1	0	0	0	1	1	2016-09-23
诸天花雨	2	0	0	0.5	1	1	1	2016-09-23
云海小明	2	0.5	0	0.5	0	1	1	2016-09-23
馨歆	2	1	0	0	0	1	1	2016-09-23
这游戏真得难呀	2	0.5	0	0	1	1	1	2016-09-23
林峰。	2	1	0	0	0	1	1	2016-09-23
八块腹肌小官人	2	0	0	0	1	1	1	2016-09-23
笑崖	2	0	0	0	0	0	0	2016-09-23
蓝白喵	2	0	0	0	0	0	0	2016-09-23
大光明里凤凰现	2	0	0	0	0	0	0	2016-09-23
孤影惊残梦	2	0	0	0	0	0	0	2016-09-23
惬兮	2	0	0	0	0	0	0	2016-09-23
￣放空	2	0.5	0	0	0	0	0	2016-09-23
锦綉繁华空城梦	2	0	0	0	0	0	0	2016-09-23
裴述	2	0	0	0	0	0	0	2016-09-23
卖萌的麦兜	2	0	0	0	0	0	0	2016-09-23
神威小枪将	2	0.5	0	0	0	0	0	2016-09-23
友善的大夫	2	0.5	0	0	0	0	0	2016-09-23
蓝云青飞	2	0	0	0	0	0	0	2016-09-23
与君共枕到天明	2	0	0	0	0	0	0	2016-09-23
宁似	2	0	0	0	0	0	0	2016-09-23
折影凤栖弦i	2	0	0	0	0	0	0	2016-09-23
雪域星空	2	0	0	0	0	0	0	2016-09-23
咲冭陽	2	0	0	0	0	0	0	2016-09-23
仪一兮	2	0	0	0	0	0	0	2016-09-23
花丶妃	2	0	0	0	0	0	0	2016-09-23
君无亦	2	0	0	0	0	0	0	2016-09-23
凱蒂喵	2	0	0	0	0	0	0	2016-09-23
千虚羽	2	0	0	0	0	0	0	2016-09-23
姬如影	2	0	0	0	0	0	0	2016-09-23
太阳骑士炮灰	2	0	0	0	0	0	0	2016-09-23
回忆不曾悲伤	2	0	0	0	0	0	0	2016-09-23
圈圈	2	0	0	0	0	0	0	2016-09-23
约翰丨兰博	2	0	0	0	0	0	0	2016-09-23
幽影涧	2	0	0	0	0	0	0	2016-09-23
轻狂惊羽	2	0	0	0	0	0	0	2016-09-23
红毛	2	0	0	0	0	0	0	2016-09-23
梦中、有你	2	0	0	0	0	0	0	2016-09-23
北城初夏	2	0	0	0	0	0	0	2016-09-23
小雪妖	2	0	0	0	0	0	0	2016-09-23
青笺画卿颜.ζ	2	0	0	0	0	0	0	2016-09-23
永恒永远十八岁	2	0	0	0	0	0	0	2016-09-23
叶楠楠	2	0	0	0	0	0	0	2016-09-23
夕阳如月	2	0.5	0	0	0	0	0	2016-09-23
电车丶痴汉	2	0	0	0	0	0	0	2016-09-23
坤哥的私宠	2	0	0	0	0	0	0	2016-09-23
我讨厌用名字	2	0	0	0	0	0	0	2016-09-23
丿别送丶就是怂	2	0	0	0	0	0	0	2016-09-23
丿别怂丶就是送	2	0	0	0	0	0	0	2016-09-23
不想昵称	2	0	0	0	0	0	0	2016-09-23
请叫欧巴丶	2	0	0	0	0	0	0	2016-09-23
闻素问	2	0	0	0	0	0	0	2016-09-23
廉念菡	2	0	0	0	0	0	0	2016-09-23
岑绿兰	2	0	0	0	0	0	0	2016-09-23
就要呵呵哒丶	2	0	0	0	0	0	0	2016-09-23
清喉丶	2	0	0	0	0	0	0	2016-09-23
落落清歡丶	2	0	0	0	0	0	0	2016-09-23
老阎爱小然	2	0	0	0	0	0	0	2016-09-23
丶羽墨灬	2	0	0	0	0	0	0	2016-09-23
詹翠曼	2	0	0	0	0	0	0	2016-09-23
陈耶比	2	0	0	0	0	0	0	2016-09-23
刁起奶嘴闯天下	2	0	0	0	0	0	0	2016-09-23
刀灵媛	2	0	0	0	0	0	0	2016-09-23
樱滿集丶	2	0	0	0	0	0	0	2016-09-23
鑫鑫仔	2	0	0	0	0	0	0	2016-09-23
世无休	2	0	0	0	0	0	0	2016-09-23
暖意醉花荫	2	0	0	0	0	0	0	2016-09-23
阿锟猫	2	0	0	0	0	0	0	2016-09-23
一个有内涵的人	2	0	0	0	0	0	0	2016-09-23
猫不语	2	0.5	0	0	0	0	0	2016-09-23
董汉卿	2	0	0	0	0	0	0	2016-09-23
火之鸟	2	0	0	0	0	0	0	2016-09-23
蛮殇魂	2	0	0	0	0	0	0	2016-09-23
帅的惊天惊地	2	0	0	0	0	0	0	2016-09-23
啊耘哥丶	2	0	0	0	0	0	0	2016-09-23
椛灯	2	0	0	0	0	0	0	2016-09-23
糖糖哒	2	0	0	0	0	0	0	2016-09-23
吾寄愁心与明月	2	0	0	0	0	0	0	2016-09-23
红尘落雪月无痕	2	0	0	0	0	0	0	2016-09-23
ZzEvi11qRuxi	2	0	0	0	0	0	0	2016-09-23
持剑戦情场	2	0	0	0	0	0	0	2016-09-23
自古多得红颜泪	2	0	0	0	0	0	0	2016-09-23
唐糖～	2	0	0	0	0	0	0	2016-09-23
澄汁	2	0	0	0	0	0	0	2016-09-23
闭月羞	2	0	0	0	0	0	0	2016-09-23
魅丿无情	2	0	0	0	0	0	0	2016-09-23
轻笑忘	2	0	0	0	0	0	0	2016-09-23
浮生一梦醉半生	2	0	0	0	0	0	0	2016-09-23
谁家娇妻守空房	2	0	0	0	0	0	0	2016-09-23
李心武	2	0	0	0	0	0	0	2016-09-23
红颜痴情笑	2	0	0	0	0	0	0	2016-09-23
石锅先生	2	0	0	0	0	0	0	2016-09-23
罗晓辑	2	0	0	0	0	0	0	2016-09-23
唐霁丶	2	0	0	0	0	0	0	2016-09-23
就叫玫瑰吧	2	0	0	0	0	0	0	2016-09-23
绑定小蜜的	2	0	0	0	0	0	0	2016-09-23
刃歌	2	0	0	0	0	0	0	2016-09-23
童话话	2	0	0	0	0	0	0	2016-09-23
月影粟	2	0	0	0	0	0	0	2016-09-23
凡哥的父亲	2	0	0	0	0	0	0	2016-09-23
犄角旮旯偷你人	2	0.5	0	0	0	0	0	2016-09-23
友善的若云	2	0.5	0	0	0	0	0	2016-09-23
晗刈	2	0	0	0	0	0	0	2016-09-23
长孙阿凝	2	0	0	0	0	0	0	2016-09-23
叶舫庭	2	0	0	0	0	0	0	2016-09-23
冠希忘带摄影机	2	0	0	0	0	0	0	2016-09-23
昊帝丶	2	0	0	0.5	0	0	0	2016-09-23
水手丶卓爷	2	0	0	0	0	0	0	2016-09-23
Actors丶纤旧	2	0	0	0	0	0	0	2016-09-23
倾国不倾城	2	0	0	0	0	0	0	2016-09-23
言白衣	2	0	0	0	0	0	0	2016-09-23
手中玫瑰赠予谁	2	0	0	0	0	0	0	2016-09-23
染琴	2	0	0	0	0	0	0	2016-09-23
纳加法	2	0	0	0	0	0	0	2016-09-23
星雷	2	0	0	0	0	0	0	2016-09-23
飘羽湟	2	0	0	0	0	0	0	2016-09-23
猫笑夏花红衣香	2	0	0	0	0	0	0	2016-09-23
翰帝丶	2	0	0	0	0	0	0	2016-09-23
冷晓汐丶	3	3.5	2	0.5	3	9	6	2016-09-23
奶小牛丶	3	3.5	2	0.5	3	9	6	2016-09-23
潇洒仗剑天下	3	3.5	2	0	3	8	6	2016-09-23
框框	3	3.5	2	0	3	8	6	2016-09-23
魔仙堡小公举	3	3	2	0.5	3	8	6	2016-09-23
荡荡	3	3	1	0	3	7	6	2016-09-23
冷清语	3	2	2	0.5	3	7	6	2016-09-23
煌煌	3	4	0	0	3	7	6	2016-09-23
东风路三狗蛋	3	3	0	0	3	6	6	2016-09-23
墨炽	3	3	0	0	3	6	6	2016-09-23
青骢绝骑塑天荒	3	2.5	1	0	3	6	6	2016-09-23
素手绾青丝임	3	4	2	0.5	0	6	6	2016-09-23
水影悠兰	3	4	2	0.5	0	6	6	2016-09-23
之绵	3	3.5	1	0.5	1	6	6	2016-09-23
艾莉亞史塔克	3	4	2	0	0	6	6	2016-09-23
紫雨幽雲	3	3.5	0	0	2	5	5	2016-09-23
午时已到小叨叨	3	2	0	0.5	3	5	5	2016-09-23
等我出轻语	3	3	0	0	2	5	5	2016-09-23
五六柒	3	2	1	0	2	5	5	2016-09-23
套套嗷呜	3	1.5	1	0	2	4	4	2016-09-23
冷语情	3	1	0	0	3	4	4	2016-09-23
青城爱未恋	3	3.5	0	0.5	0	4	4	2016-09-23
小心有诈哦	3	2	0	0	2	4	4	2016-09-23
徐婧懿	3	3.5	0	0	1	4	4	2016-09-23
踏马清月夜	3	0.5	0	0	3	3	3	2016-09-23
东瀛浪人展梦魂	3	1.5	0	0	2	3	3	2016-09-23
七情剑伶慕容英	3	1	0	0	2	3	3	2016-09-23
那年今若、	3	1.5	0	0.5	1	3	3	2016-09-23
训练大师森三白	3	1.5	1	0	1	3	3	2016-09-23
此情珂待	3	3	0	0	0	3	3	2016-09-23
二狗娃	3	0	0	0.5	2	2	2	2016-09-23
九袋丐	3	0	0	0	2	2	2	2016-09-23
㏑ゞ初心ノ	3	2	0	0	0	2	2	2016-09-23
叶企鹅	3	1.5	1	0	0	2	2	2016-09-23
顾寻清	3	2	0	0	0	2	2	2016-09-23
唐舞桐灬	3	2	0	0.5	0	2	2	2016-09-23
蝶舞旧梦	3	2.5	0	0	0	2	2	2016-09-23
伊贰叁	3	2	0	0	0	2	2	2016-09-23
那年红颜	3	2.5	0	0	0	2	2	2016-09-23
天下芒果	3	0.5	1	0.5	0	2	2	2016-09-23
之锦	3	2	0	0.5	0	2	2	2016-09-23
关翔予	3	1.5	1	0	0	2	2	2016-09-23
浩浩丶浩	3	0.5	1	0	0	1	1	2016-09-23
刀之芳华	3	1.5	0	0	0	1	1	2016-09-23
帅气无敌康爸爸	3	1	0	0	0	1	1	2016-09-23
苍镜	3	1	0	0	0	1	1	2016-09-23
天使去要饭丶	3	1.5	0	0	0	1	1	2016-09-23
丶吴宇森	3	1.5	0	0	0	1	1	2016-09-23
纯洁友善的暮夏	3	1.5	0	0	0	1	1	2016-09-23
可爱琳	3	1	0	0.5	0	1	1	2016-09-23
青羽墨染云	3	1	0	0.5	0	1	1	2016-09-23
魔法少女杜芸松	3	1.5	0	0	0	1	1	2016-09-23
彼眸	3	0	0	0	0	0	0	2016-09-23
伐青	3	0	0	0	0	0	0	2016-09-23
最可爱的师姐	3	0	0	0	0	0	0	2016-09-23
莫倾城灬	3	0	0	0	0	0	0	2016-09-23
乏乏	3	0	0	0	0	0	0	2016-09-23
剣殊雨寒丶	3	0	0	0	0	0	0	2016-09-23
蠢小椰丶	3	0	0	0	0	0	0	2016-09-23
神奇宝贝杨尼玛	3	0	0	0	0	0	0	2016-09-23
木易丶凝烟	3	0	0	0	0	0	0	2016-09-23
山高丶木易	3	0	0	0	0	0	0	2016-09-23
好想告诉伱	3	0	0	0	0	0	0	2016-09-23
落花丶醉	3	0	0	0	0	0	0	2016-09-23
墨水冰心	3	0	0	0	0	0	0	2016-09-23
神锤开山大梵天	3	0.5	0	0	0	0	0	2016-09-23
顾里丶	3	0	0	0	0	0	0	2016-09-23
雨落、伤	3	0	0	0	0	0	0	2016-09-23
赤月染红尘	3	0	0	0	0	0	0	2016-09-23
小兔兔几	3	0	0	0	0	0	0	2016-09-23
迷茫中徘徊	3	0	0	0	0	0	0	2016-09-23
二瞳	3	0	0	0	0	0	0	2016-09-23
风暖伤	3	0	0	0	0	0	0	2016-09-23
转身落尽空城泪	3	0	0	0	0	0	0	2016-09-23
叶枫刃	3	0	0	0	0	0	0	2016-09-23
马来西亚的咪咪	3	0	0	0	0	0	0	2016-09-23
Yada丶leo	3	0	0	0	0	0	0	2016-09-23
龙灬泉	3	0	0	0	0	0	0	2016-09-23
素衣点梅妆	3	0	0	0	0	0	0	2016-09-23
濯清莲而不妖	3	0.5	0	0	0	0	0	2016-09-23
萝卜土豆丝	3	0	0	0	0	0	0	2016-09-23
追风少年鹰老七	3	0	0	0	0	0	0	2016-09-23
强力推土机	3	0	0	0	0	0	0	2016-09-23
琴小蓝	3	0	0	0	0	0	0	2016-09-23
伊似君心	3	0	0	0	0	0	0	2016-09-23
魔眼	3	0	0	0	0	0	0	2016-09-23
酱油酱紫	3	0	0	0	0	0	0	2016-09-23
祠下	3	0	0	0	0	0	0	2016-09-23
空虚公子萧四无	3	0.5	0	0	0	0	0	2016-09-23
翩翩少年灬析	3	0	0	0	0	0	0	2016-09-23
夜雨流年	3	0	0	0	0	0	0	2016-09-23
一丿登	3	0	0	0	0	0	0	2016-09-23
志方	3	0	0	0	0	0	0	2016-09-23
微澜〃	3	0	0	0	0	0	0	2016-09-23
白衣卿卿	3	0	0	0	0	0	0	2016-09-23
凋零之光	3	0	0	0	0	0	0	2016-09-23
轩辕疯疯	3	0	0	0	0	0	0	2016-09-23
月牙冲天	3	0	0	0	0	0	0	2016-09-23
入梦落樱满熏香	3	0	0	0	0	0	0	2016-09-23
白析	3	0	0	0	0	0	0	2016-09-23
伱的酒窝没有酒	3	0	0	0	0	0	0	2016-09-23
宫离嫣	3	0	0	0	0	0	0	2016-09-23
友善的小内衣	3	0	0	0	0	0	0	2016-09-23
琉璃千雪	3	0	0	0	0	0	0	2016-09-23
歌风路丶三狗蛋	3	0	0	0	0	0	0	2016-09-23
冉灬子墨	3	0	0	0	0	0	0	2016-09-23
琴瑟以歌	3	0	0	0	0	0	0	2016-09-23
柒果果	3	0	0	0	0	0	0	2016-09-23
纯洁友善的殇	3	0	0	0	0	0	0	2016-09-23
其实是句号	3	0	0	0	0	0	0	2016-09-23
洪时雪	3	0	0	0	0	0	0	2016-09-23
Yennefer	3	0	0	0	0	0	0	2016-09-23
茶凉言尽丶	3	0	0	0	0	0	0	2016-09-23
瑶君	3	0	0	0	0	0	0	2016-09-23
司寇听雨	3	0	0	0	0	0	0	2016-09-23
妄于	3	0	0	0	0	0	0	2016-09-23
阿翔翔	3	0	0	0	0	0	0	2016-09-23
纯情少妇马芳玲	3	0	0	0	0	0	0	2016-09-23
青丝如沫	3	0	0	0.5	0	0	0	2016-09-23
恶酒。	3	0	0	0	0	0	0	2016-09-23
彡电竞丿柯南乄	3	0	0	0	0	0	0	2016-09-23
徐耶比	3	0	0	0	0	0	0	2016-09-23
水红芍	3	0	0	0	0	0	0	2016-09-23
紫舞流年	3	0	0	0	0	0	0	2016-09-23
凉情负	3	0	0	0	0	0	0	2016-09-23
冬瓜小荞	3	0	0	0	0	0	0	2016-09-23
青春亮丽欣妈妈	3	0	0	0	0	0	0	2016-09-23
丶大航母	3	0	0	0	0	0	0	2016-09-23
东风路大狗蛋	3	0	0	0	0	0	0	2016-09-23
嚜韵轩華	3	0	0	0	0	0	0	2016-09-23
青絮丶	3	0	0	0	0	0	0	2016-09-23
卑鄙的熊猫	3	0	0	0	0	0	0	2016-09-23
燕雨莲	3	0	0	0	0	0	0	2016-09-23
项辰帝	3	0	0	0	0	0	0	2016-09-23
锦衣卫知秋	3	0	0	0	0	0	0	2016-09-23
碧蝶拉朽	3	0	0	0	0	0	0	2016-09-23
一息衍一	3	0	0	0	0	0	0	2016-09-23
叶菡	3	0	0	0	0	0	0	2016-09-23
橘子汁丶	3	0	0	0	0	0	0	2016-09-23
储舜	3	0	0	0	0	0	0	2016-09-23
Sunnyboy丶桔子	3	0	0	0	0	0	0	2016-09-23
冉灬子灬墨	3	0	0	0	0	0	0	2016-09-23
教堂里听丿情歌	3	0	0	0	0	0	0	2016-09-23
树儿高高长	4	4	2	0.5	3	9	6	2016-09-23
如殇如暮歌ゎ	4	2.5	2	0.5	3	8	6	2016-09-23
鱼香	4	2.5	2	0.5	3	8	6	2016-09-23
茴香。	4	5	1	0	2	8	6	2016-09-23
如清如影歌ゎ	4	2	2	0.5	3	7	6	2016-09-23
如狂如啸歌ゎ	4	1.5	2	0.5	3	7	6	2016-09-23
执劍小书生	4	2.5	2	0	2	6	6	2016-09-23
时光不矜持	4	3	1	0.5	2	6	6	2016-09-23
黑泽丶纱重	4	3.5	0	0.5	2	6	6	2016-09-23
墨萧炎	4	3.5	1	0.5	0	5	5	2016-09-23
FateScorpio	4	3	2	0.5	0	5	5	2016-09-23
如风如雅歌ゎ	4	3.5	1	0.5	0	5	5	2016-09-23
帝喾	4	3.5	2	0	0	5	5	2016-09-23
如酒如清歌ゎ	4	2.5	0	0	3	5	5	2016-09-23
超人不会飞〃	4	0	1	0	3	4	4	2016-09-23
再见是否红着脸	4	2.5	1	0.5	0	4	4	2016-09-23
夜冥雪	4	1.5	0	0	3	4	4	2016-09-23
薏苡。	4	2.5	0	0	2	4	4	2016-09-23
太子彬	4	4	0	0.5	0	4	4	2016-09-23
晓月梦澈	4	3.5	0	0.5	0	4	4	2016-09-23
口味太怪	4	4	0	0.5	0	4	4	2016-09-23
在下唐言	4	3	1	0.5	0	4	4	2016-09-23
倔强的小屁股	4	2	0	0.5	2	4	4	2016-09-23
丐帮汪剑通	4	1.5	0	0.5	2	4	4	2016-09-23
冬眠的团子	4	3.5	0	0.5	0	4	4	2016-09-23
剑惜玉	4	4	0	0.5	0	4	4	2016-09-23
荆轲已逝高渐离	4	3	0	0	0	3	3	2016-09-23
巴蜀萨摩耶	4	2.5	0	0.5	0	3	3	2016-09-23
凉城薇梦	4	0	2	0	0	2	2	2016-09-23
慕榕月	4	0	2	0	0	2	2	2016-09-23
天语灬幻影	4	2	0	0.5	0	2	2	2016-09-23
襄州牛头梗	4	1	1	0	0	2	2	2016-09-23
萧劲城	4	2	0	0	0	2	2	2016-09-23
薛无衡	4	2	0	0	0	2	2	2016-09-23
花儿盛盛开	4	2	0	0	0	2	2	2016-09-23
苏幕清	4	2	0	0	0	2	2	2016-09-23
胡大力	4	1	0	0.5	1	2	2	2016-09-23
陌路莫回	4	1.5	0	0	0	1	1	2016-09-23
〆连翘	4	0.5	1	0	0	1	1	2016-09-23
倦岫风眠	4	1.5	0	0	0	1	1	2016-09-23
春困的团子	4	1	0	0.5	0	1	1	2016-09-23
沉珠	4	1	0	0	0	1	1	2016-09-23
梨花黛雨	4	1.5	0	0	0	1	1	2016-09-23
兮颜洛水	4	0.5	0	0.5	0	1	1	2016-09-23
李心雨	4	1	0	0	0	1	1	2016-09-23
黑泽丶八重	4	1	0	0.5	0	1	1	2016-09-23
与山歌。	4	1.5	0	0	0	1	1	2016-09-23
酒倾轻竹影	4	1.5	0	0	0	1	1	2016-09-23
与川饮。	4	0	0	0	0	0	0	2016-09-23
冷烂人灬	4	0	0	0	0	0	0	2016-09-23
守护锋	4	0.5	0	0	0	0	0	2016-09-23
冷凝香。	4	0	0	0	0	0	0	2016-09-23
希希希丶汐	4	0	0	0	0	0	0	2016-09-23
大大大大西瓜丶	4	0	0	0	0	0	0	2016-09-23
咸鱼天香	4	0	0	0	0	0	0	2016-09-23
回头我就在身后	4	0	0	0	0	0	0	2016-09-23
雪遥	4	0	0	0	0	0	0	2016-09-23
笑看浮华红尘事	4	0	0	0	0	0	0	2016-09-23
明婕	4	0	0	0	0	0	0	2016-09-23
慕瑾遥	4	0	0	0	0	0	0	2016-09-23
颂碑寒	4	0	0	0	0	0	0	2016-09-23
、陌上看花	4	0	0	0	0	0	0	2016-09-23
柠小檬丶	4	0	0	0	0	0	0	2016-09-23
邱少	4	0	0	0	0	0	0	2016-09-23
浮生半日	4	0.5	0	0	0	0	0	2016-09-23
真爱一定有颜色	4	0	0	0	0	0	0	2016-09-23
冷沐瞳	4	0	0	0	0	0	0	2016-09-23
无爱别演	4	0	0	0	0	0	0	2016-09-23
钟离三昧	4	0	0	0	0	0	0	2016-09-23
冷汐宇	4	0	0	0	0	0	0	2016-09-23
千雪冰鳳	4	0	0	0	0	0	0	2016-09-23
秋风飘零花海	4	0	0	0	0	0	0	2016-09-23
慕城雪	4	0	0	0	0	0	0	2016-09-23
无所不能小奇葩	4	0	0	0	0	0	0	2016-09-23
一叶知秋づ	4	0	0	0	0	0	0	2016-09-23
逍遥芙蕖	4	0	0	0	0	0	0	2016-09-23
榕月	4	0	0	0	0	0	0	2016-09-23
月夜凉	4	0	0	0	0	0	0	2016-09-23
丶天蓝色	4	0	0	0	0	0	0	2016-09-23
半日丶浮生	4	0.5	0	0	0	0	0	2016-09-23
红丶雪	4	0	0	0	0	0	0	2016-09-23
夏又離	4	0	0	0	0	0	0	2016-09-23
淡然置之	4	0	0	0	0	0	0	2016-09-23
浪哩个浪	4	0	0	0	0	0	0	2016-09-23
F丨小乖	4	0	0	0	0	0	0	2016-09-23
丶神楽	4	0.5	0	0	0	0	0	2016-09-23
烈凝风	4	0	0	0	0	0	0	2016-09-23
秦友善。	4	0	0	0	0	0	0	2016-09-23
唐卿凝	4	0	0	0	0	0	0	2016-09-23
余夜阑珊	4	0	0	0	0	0	0	2016-09-23
易小川	4	0	0	0	0	0	0	2016-09-23
五毒小师妹丶凤	4	0	0	0	0	0	0	2016-09-23
凉山伯	4	0	0	0	0	0	0	2016-09-23
语丶殇	4	0	0	0	0	0	0	2016-09-23
偌米粥丶	4	0	0	0	0	0	0	2016-09-23
贴心哒小棉鞋	4	0	0	0	0	0	0	2016-09-23
汪映雪	4	0.5	0	0	0	0	0	2016-09-23
樱桃さま	4	0	0	0	0	0	0	2016-09-23
葉窕	4	0	0	0	0	0	0	2016-09-23
琉璎	4	0	0	0	0	0	0	2016-09-23
辉辉辉辉丶輝	4	0	0	0	0	0	0	2016-09-23
太极魔尊	4	0	0	0	0	0	0	2016-09-23
雪糕失望	4	0	0	0	0	0	0	2016-09-23
鱼爸爸	4	0	0	0	0	0	0	2016-09-23
琴韵红衣丶心	4	0	0	0	0	0	0	2016-09-23
企及	4	0	0	0	0	0	0	2016-09-23
神威司空阿龙	4	0	0	0	0	0	0	2016-09-23
黛眉妖娆	4	0	0	0	0	0	0	2016-09-23
务必叫我欧皇	4	0	0	0	0	0	0	2016-09-23
檀羽冲	4	0	0	0	0	0	0	2016-09-23
Jocelyn	4	0	0	0	0	0	0	2016-09-23
素以折扇	4	0	0	0	0	0	0	2016-09-23
潇潇暮雨	4	0	0	0	0	0	0	2016-09-23
墨語丶	4	0	0	0	0	0	0	2016-09-23
辛风夕	4	0	0	0	0	0	0	2016-09-23
叶天簌	4	0	0	0	0	0	0	2016-09-23
丶薛日天	4	0	0	0	0	0	0	2016-09-23
千怀	4	0	0	0	0	0	0	2016-09-23
落叶秋雨	4	0	0	0	0	0	0	2016-09-23
别碰我的葫芦	4	0	0	0	0	0	0	2016-09-23
辉煌PT	4	0	0	0	0	0	0	2016-09-23
墨韵玄风	4	0	0	0	0	0	0	2016-09-23
宋画蝶	4	0	0	0	0	0	0	2016-09-23
安好晴天	4	0	0	0	0	0	0	2016-09-23
狄万钧	4	0.5	0	0	0	0	0	2016-09-23
sad自行车	4	0	0	0	0	0	0	2016-09-23
暮小曦丶	4	0	0	0	0	0	0	2016-09-23
神威再见	4	0	0	0	0	0	0	2016-09-23
万年孤独	4	0	0	0	0	0	0	2016-09-23
FateLibra	4	0.5	0	0	0	0	0	2016-09-23
壬生京大郎	4	0	0	0	0	0	0	2016-09-23
维桢	4	0	0	0	0	0	0	2016-09-23
丶忍野咩咩	4	0	0	0	0	0	0	2016-09-23
上官妙玥	4	0	0	0	0	0	0	2016-09-23
君i陌离	4	0	0	0	0	0	0	2016-09-23
从前玩真武	4	0	0	0	0	0	0	2016-09-23
惜玉挽轻裳	4	0	0	0	0	0	0	2016-09-23
太白洗衣液	4	0	0	0	0	0	0	2016-09-23
丐帮金鹏长老	4	0	0	0	0	0	0	2016-09-23
皈依奶小牛丶	4	0	0	0	0	0	0	2016-09-23
鹅几	4	0	0	0	0	0	0	2016-09-23
曲终无意	4	0	0	0	0	0	0	2016-09-23
柒苍术的小傀儡	4	0	0	0	0	0	0	2016-09-23
泪忆寒、	4	0	0	0	0	0	0	2016-09-23
遇之则感。	4	0	0	0	0	0	0	2016-09-23
超懒的阿元呀	4	0	0	0	0	0	0	2016-09-23
呆の暖心	4	0.5	0	0	0	0	0	2016-09-23
容子欢	4	0	0	0	0	0	0	2016-09-23
