1 紫雨幽雲 775 827
2 拌蠢蠢 737 747
3 尐浣熊。 523 637
4 張君雅。 595 621
5 墨炽 527 593
6 折扇浪漫 465 549
7 诸天花雨 524 546
8 魔法少女杜芸松 534 546
9 芍药児 514 526
10 丿几度度丶 459 515
11 白芹 496 514
12 怒怒怒怒火 479 511
13 梅雨天丶 505 511
14 奥利奥。巧轻脆 510 510
15 那年今若、 433 507
16 那年红颜 491 505
17 浪迹小秦 450 502
18 FateLibra 465 493
19 墨河 446 490
20 在下唐言 461 485
21 画摟他暖 443 473
22 与尔同销萬古愁 438 472
23 薄霭 451 469
24 Mn丶猫猫君 457 463
25 胡大力 424 462
26 花兮兮兮兮 411 459
27 空虚公子萧四无 399 455
28 守护锋 382 454
29 叶菡 436 444
30 神威再见 415 441
31 夜白衣 407 433
32 纯洁友善的暮夏 425 431
33 酒倾轻竹影 401 429
34 七情剑伶慕容英 384 428
35 鱼香 393 427
36 墨韵轩华 403 423
37 FateScorpio 417 421
38 百里轩翊 398 418
39 潇洒仗剑天下 397 417
40 淺笙 385 417
41 晓月梦澈 416 416
42 我是天香的啊 406 412
43 东瀛浪人展梦魂 382 410
44 执劍小书生 384 408
45 丶忍野咩咩 396 408
46 其实想玩刀客 350 398
47 等我出轻语 358 396
48 清弦 378 394
49 太极至尊 335 391
50 墨萧炎 331 387
51 月下魂兮 369 385
52 唐舞桐灬 359 385
53 俱利摩 353 379
54 男人应有的自豪 342 378
55 安好晴天 373 377
56 淡若清风過丶 369 375
57 此情珂待 367 369
58 在下唐银 342 368
59 好想告诉伱 364 366
60 叶天簌 366 366
61 树儿高高长 341 359
62 云海小明 328 342
63 暮雪醉逍遥 336 340
64 纯洁友善的殇 332 338
65 只想做个好人 258 338
66 洪时雪 303 333
67 天下芒果 330 332
68 仁剑震音扬 316 328
69 拾勾枯爬尖 325 327
70 楪夢 300 324
71 ＊蘭先森 265 315
72 友善的咸鱼白 306 310
73 冷霜刃 300 308
74 神奇宝贝杨尼玛 261 299
75 意邪 287 297
76 木易丶凝烟 288 294
77 乌莲娜 271 281
78 煌煌 265 277
79 丶神楽 274 276
80 曲终无意 251 265
81 五六柒 253 263
82 顾寻清 263 263
83 东风路三狗蛋 239 249
84 √蓝莓巧克力丶 247 247
85 鱼小小 238 242
86 闭月羞 226 234
87 笑看浮华红尘事 223 227
88 凰荼歌 213 223
89 青丝枫凌 207 217
90 沐伯乾 203 217
91 一个有内涵的人 208 210
92 水影悠兰 202 210
93 咸鱼天香 176 202
94 明年今日奕十年 182 202
95 o。o 184 198
96 汐月暮云 171 189
97 青羽墨染云 181 187
98 苏幕清 175 179
99 烈凝风 155 157
100 吕小栋 156 156
101 巡山的人 152 156
102 帅气无敌康爸爸 148 154
103 素蝶 145 145
104 陈凌风 138 140
105 少华丶 133 133
106 梨花黛雨 120 120
107 叶枫刃 118 118
108 艾莉亞史塔克 110 116
109 踏马清月夜 101 109
110 絮絮叨叨的刀 102 102
111 万俟独秋乄 89 89
112 榕月 58 58
113 关翔予 39 41
114 青骢绝骑塑天荒 37 41
115 小阿淮呀 34 40
116 寄给你的风丶 37 37
117 汪映雪 22 22
118 傲江湖 17 19
119 破烂刀客 8 8
120 独孤杀生 3 3
