1 拌蠢蠢 1226 1260
2 酒倾轻竹影 1062 1236
3 零拾 1165 1215
4 那年今若、 1075 1161
5 花谢人凋零。 1080 1154
6 等风与你 1153 1153
7 框框 1117 1151
8 执劍小书生 1029 1117
9 南邦佳人呀 1069 1115
10 FateLibra 1068 1104
11 乌莲娜 1035 1071
12 唐舞桐灬 1007 1059
13 SouLmAte、小狼 1000 1046
14 凯贼阔里 982 1046
15 安好晴天 981 1023
16 在下唐银 967 1023
17 古巷烟雨断桥殇 970 1010
18 浪迹小秦 955 979
19 时钟轻摇孤独 917 977
20 树儿高高长 938 968
21 紫雨幽雲 941 955
22 FateScorpio 917 953
23 莫倾城灬 921 951
24 丶天蓝色 910 934
25 白芹 896 932
26 奶小牛丶 894 912
27 青羽墨染云 860 912
28 冷晓汐丶 882 906
29 鱼香 813 865
30 煌煌 816 862
31 与尔同销萬古愁 816 846
32 墨河 805 841
33 凌渃尘 804 840
34 折扇浪漫 759 827
35 其实想玩刀客 734 820
36 墨韵轩华 773 813
37 梦觞丶 783 811
38 素蝶 807 807
39 山高丶木易 791 807
40 太极至尊 707 805
41 童话话 762 788
42 只想做个好人 686 786
43 水影悠兰 758 784
44 丿几度度丶 735 775
45 墨萧炎 691 763
46 ＊蘭先森 708 760
47 一人一枪闯九州 727 759
48 潇洒仗剑天下 743 759
49 怒怒怒怒火 708 756
50 淡若清风過丶 700 752
51 魔法少女杜芸松 689 749
52 任离流 702 748
53 叶菡 726 740
54 大眼睛秋秋 710 738
55 曲终无意 712 734
56 Mn丶猫猫君 697 733
57 荡荡 678 732
58 丶初馨 714 728
59 倾舞情儿 686 718
60 殇月未觞 664 714
61 追风少年鹰老七 698 708
62 薄霭 660 706
63 神奇宝贝杨尼玛 661 703
64 等我出轻语 694 702
65 Gold?Experie 667 699
66 空虚公子萧四无 664 694
67 在下唐言 650 680
68 蛋蛋疍 655 673
69 逍遥乀斌斌 659 673
70 洪时雪 616 670
71 月下魂兮 606 668
72 娇软の小屁股 603 641
73 甄心 640 640
74 椛灯 623 637
75 沐浠尘 586 634
76 浩浩丶浩 619 627
77 神威再见 607 625
78 守护锋 568 598
79 一直梨花压海棠 584 590
80 明年今日奕十年 561 589
81 淺笙 567 583
82 青丝枫凌 565 581
83 青骢绝骑塑天荒 553 571
84 暮雪醉逍遥 534 548
85 蘃 525 533
86 木易丶凝烟 522 530
87 那年红颜 501 517
88 二狗娃 481 505
89 北城初夏 491 497
90 丐帮萌主 465 469
91 鱼小小 389 429
92 七情剑伶慕容英 403 427
93 o。o 403 405
94 橙橙喵呜 396 402
95 晓月梦澈 399 401
96 纯情少妇马芳玲 298 340
97 雙生逐梦 330 332
98 开封拍卖行 269 311
99 南宫絮语 295 295
100 花兮兮兮兮 247 295
101 独孤杀生 279 279
102 万心忧 260 260
103 帅气无敌康爸爸 227 233
104 吕小栋 216 220
105 放肆流逝的年华 158 160
106 雪糕失望 68 72
107 夜白衣 4 6
108 东风路三狗蛋 1 1
109 若云谣 0 0
110 蝶舞旧梦 0 0
111 青城爱未恋 0 0
112 榕月 0 0
113 百里轩翊 0 0
114 东风路四蛋 0 0
115 慕落弦 0 0
116 苍镜 0 0
117 丶薛日天 0 0
