拌蠢蠢	1	4	2	1	1	8	6	2016-09-11
与尔同销萬古愁	1	3.5	2	1	1	7	6	2016-09-11
浪迹小秦	1	4	1	1	1	7	6	2016-09-11
零拾	1	3.5	2	1	1	7	6	2016-09-11
百里轩翊	1	3.5	2	1	1	7	6	2016-09-11
Mn丶猫猫君	1	2.5	2	1	1	6	6	2016-09-11
大眼睛秋秋	1	3.5	1	1	1	6	6	2016-09-11
小阿淮呀	1	4	1	0	1	6	6	2016-09-11
迟歌	1	4	0	1	1	6	6	2016-09-11
阴萤儿	1	3.5	2	1	0	6	6	2016-09-11
只想做个好人	1	4	1	1	0	6	6	2016-09-11
墨河	1	4	1	1	0	6	6	2016-09-11
尛尛唐猫咪	1	3.5	0	1	1	5	5	2016-09-11
跟寂寞再和好丶	1	3.5	0	1	1	5	5	2016-09-11
折扇浪漫	1	2.5	2	1	0	5	5	2016-09-11
梦觞丶	1	2	2	1	0	5	5	2016-09-11
丨梦里寻她丶丨	1	3	1	1	0	5	5	2016-09-11
唐门王俊凯	1	3	1	1	0	5	5	2016-09-11
吕小栋	1	2	1	1	0	4	4	2016-09-11
除了帅还有酷	1	3	1	0	0	4	4	2016-09-11
花兮兮兮兮	1	1.5	0	1	1	3	3	2016-09-11
时钟轻摇孤独	1	1	0	1	1	3	3	2016-09-11
南宫絮语	1	1.5	1	1	0	3	3	2016-09-11
a逼c迪e诶扶鸡	1	2.5	1	0	0	3	3	2016-09-11
仼小三	1	0.5	2	1	0	3	3	2016-09-11
〃北梦木兮	1	2.5	0	1	0	3	3	2016-09-11
牛奶奶奶奶	1	2	0	1	0	3	3	2016-09-11
一梦换须臾	1	0	1	0	1	2	2	2016-09-11
暮雪醉逍遥	1	0	2	0	0	2	2	2016-09-11
秋末黑白	1	2.5	0	0	0	2	2	2016-09-11
机智勇敢的小珞	1	1	0	1	0	2	2	2016-09-11
絮絮叨叨的刀	1	1.5	1	0	0	2	2	2016-09-11
异逍遥	1	1	0	1	0	2	2	2016-09-11
慕容紫诺	1	1	1	0	0	2	2	2016-09-11
花炮炮炮炮	1	2	0	0	0	2	2	2016-09-11
沐伯乾	1	1	0	1	0	2	2	2016-09-11
古巷烟雨断桥殇	1	0.5	0	0	1	1	1	2016-09-11
陈凌风	1	0	0	0	1	1	1	2016-09-11
莓梓喵kiyo	1	0	0	0.5	1	1	1	2016-09-11
唐门仐少	1	1	0	0	0	1	1	2016-09-11
北溟有渔曰萌	1	0	0	1	0	1	1	2016-09-11
箫布吉	1	1	0	0	0	1	1	2016-09-11
尐浣熊。	1	1	0	0.5	0	1	1	2016-09-11
雪の下八幡	1	1.5	0	0	0	1	1	2016-09-11
棠棠	1	0.5	0	1	0	1	1	2016-09-11
一时春色	1	0	1	0	0	1	1	2016-09-11
破穿	1	0	0	1	0	1	1	2016-09-11
晓晨晨晨	1	1.5	0	0	0	1	1	2016-09-11
辛晗	1	0.5	0	1	0	1	1	2016-09-11
神异诀	1	1	0	0	0	1	1	2016-09-11
鱼丶大大	1	0	0	1	0	1	1	2016-09-11
青丝枫凌	1	0.5	1	0	0	1	1	2016-09-11
冷殘心	1	0	0	0	0	0	0	2016-09-11
白天敏	1	0	0	0	0	0	0	2016-09-11
澪澪	1	0	0	0	0	0	0	2016-09-11
若问闲情都几许	1	0	0	0	0	0	0	2016-09-11
慕落弦	1	0	0	0	0	0	0	2016-09-11
柒叶浅	1	0	0	0	0	0	0	2016-09-11
满分丶离渊	1	0	0	0	0	0	0	2016-09-11
劳资好萌好可爱	1	0	0	0	0	0	0	2016-09-11
秋叶微寒	1	0	0	0	0	0	0	2016-09-11
丶海棠丶	1	0	0	0	0	0	0	2016-09-11
素蝶	1	0	0	0	0	0	0	2016-09-11
水纹衫丶	1	0.5	0	0	0	0	0	2016-09-11
老娘是人来疯	1	0	0	0	0	0	0	2016-09-11
比逗是念着反	1	0	0	0	0	0	0	2016-09-11
可夏南栀	1	0	0	0	0	0	0	2016-09-11
凰荼歌	1	0	0	0	0	0	0	2016-09-11
巡山的人	1	0	0	0	0	0	0	2016-09-11
忘羡一曲远	1	0	0	0	0	0	0	2016-09-11
蜜桃君	1	0	0	0	0	0	0	2016-09-11
明年今日奕十年	1	0	0	0	0	0	0	2016-09-11
丶若芷	1	0	0	0	0	0	0	2016-09-11
农奴翻身当地主	1	0	0	0	0	0	0	2016-09-11
君玉心	1	0	0	0	0	0	0	2016-09-11
薛涛笺	1	0	0	0	0	0	0	2016-09-11
飒爽的专家	1	0	0	0	0	0	0	2016-09-11
安九岁	1	0	0	0	0	0	0	2016-09-11
栖零刻	1	0	0	0	0	0	0	2016-09-11
独孤沐白	1	0	0	0	0	0	0	2016-09-11
SouLmAte、小狼	1	0	0	0	0	0	0	2016-09-11
√蓝莓巧克力丶	1	0	0	0	0	0	0	2016-09-11
喝脉动割动脉	1	0	0	0	0	0	0	2016-09-11
神荼夜	1	0	0	0	0	0	0	2016-09-11
墨如渊	1	0	0	0	0	0	0	2016-09-11
冷霜刃	1	0	0	0	0	0	0	2016-09-11
太极神尊	1	0	0	0	0	0	0	2016-09-11
俱是梦中人	1	0	0	0	0	0	0	2016-09-11
我是萝卜啊	1	0	0	0	0	0	0	2016-09-11
ジSunshineづ	1	0	0	0	0	0	0	2016-09-11
奥利奥。巧轻脆	1	0	0	0	0	0	0	2016-09-11
白素。	1	0	0	0	0	0	0	2016-09-11
丶似有若无	1	0	0	0	0	0	0	2016-09-11
练武风化	1	0	0	0	0	0	0	2016-09-11
乱世萧	1	0	0	0	0	0	0	2016-09-11
墨泓	1	0	0	0	0	0	0	2016-09-11
沐玉洁	1	0	0	0	0	0	0	2016-09-11
赵昊昌	1	0	0	0	0	0	0	2016-09-11
一叶纸鸢、千念	1	0	0	0	0	0	0	2016-09-11
鸣鸿刀丶	1	0	0	0	0	0	0	2016-09-11
丶樱桃酱	1	0	0	0	0	0	0	2016-09-11
牧羊﹣	1	0	0	0	0	0	0	2016-09-11
阮沐林	1	0	0	0	0	0	0	2016-09-11
叶榖城	1	0	0	0	0	0	0	2016-09-11
陈日阳	1	0	0	0	0	0	0	2016-09-11
丶古力豆	1	0	0	0	0	0	0	2016-09-11
提刀独立荡八荒	1	0	0	0	0	0	0	2016-09-11
兰陵唐九霄	1	0	0	0	0	0	0	2016-09-11
青丶玄	1	0	0	0	0	0	0	2016-09-11
浪琴	1	0	0	0	0	0	0	2016-09-11
兰阶兔月邪	1	0.5	0	0	0	0	0	2016-09-11
逐凌	1	0	0	0	0	0	0	2016-09-11
清新荷语	1	0	0	0	0	0	0	2016-09-11
神刀丶天降	1	0	0	0	0	0	0	2016-09-11
孟孟孟孟孟	1	0	0	0	0	0	0	2016-09-11
钟离听音丶	1	0	0	0	0	0	0	2016-09-11
浮生半日哦	1	0.5	0	0	0	0	0	2016-09-11
袅袅余音灬	1	0	0	0	0	0	0	2016-09-11
长亭外	1	0	0	0	0	0	0	2016-09-11
刺灰灰	1	0	0	0	0	0	0	2016-09-11
天香国际	1	0	0	0	0	0	0	2016-09-11
梦回路人甲	1	0	0	0	0	0	0	2016-09-11
乌龙擦汗	1	0	0	0	0	0	0	2016-09-11
剑老白	1	0	0	0	0	0	0	2016-09-11
贺兰丶宁儿	1	0	0	0	0	0	0	2016-09-11
留恋兰香	1	0	0	0	0	0	0	2016-09-11
白轻寒	1	0	0	0	0	0	0	2016-09-11
张灵风	1	0	0	0	0	0	0	2016-09-11
工口字幕组	1	0	0	0	0	0	0	2016-09-11
风海一刀	1	0	0	0	0	0	0	2016-09-11
老滚	1	0	0	0	0	0	0	2016-09-11
唐钰名	1	0	0	0	0	0	0	2016-09-11
我是天香的啊	1	0	0	0	0	0	0	2016-09-11
蕾拉宝宝	1	0	0	0	0	0	0	2016-09-11
叨叨	1	0	0	0	0	0	0	2016-09-11
雪丶无忆	1	0	0	0	0	0	0	2016-09-11
肖君言	1	0	0	0	0	0	0	2016-09-11
凤鸣秋	1	0	0	0	0	0	0	2016-09-11
剑舞天涯	1	0	0	0	0	0	0	2016-09-11
跑调的张学友	1	0	0	0	0	0	0	2016-09-11
妲己丶别这样	1	0	0	0	0	0	0	2016-09-11
右逝	1	0	0	0	0	0	0	2016-09-11
颓废老男人	1	0	0	0	0	0	0	2016-09-11
能杀便杀	1	0	0	0	0	0	0	2016-09-11
眉间一点白	1	0	0	0	0	0	0	2016-09-11
比剑哥还贱	1	0	0	0	0	0	0	2016-09-11
碧眼狐狸、赵四	1	0	0	0	0	0	0	2016-09-11
墨韵轩华	2	4	1	1	1	7	6	2016-09-11
太极至尊	2	4	0	1	1	6	6	2016-09-11
余子乔丶	2	3.5	2	1	0	6	6	2016-09-11
百里蕾姆	2	3.5	0	0.5	1	5	5	2016-09-11
淺笙	2	4	0	1	0	5	5	2016-09-11
￣放空	2	4	0	1	0	5	5	2016-09-11
凌渃尘	2	3.5	1	0	1	5	5	2016-09-11
如酒如笙歌ゎ	2	2.5	1	0.5	1	5	5	2016-09-11
白马落叶总相依	2	2.5	1	1	1	5	5	2016-09-11
若以梦熙わ	2	3	1	1	0	5	5	2016-09-11
倾舞情儿	2	2.5	2	1	0	5	5	2016-09-11
怒怒怒怒火	2	3	0	0	1	4	4	2016-09-11
离渊不破笑道人	2	2	0	1	1	4	4	2016-09-11
云海小明	2	2	0	2	0	4	4	2016-09-11
俱利摩	2	3.5	0	1	0	4	4	2016-09-11
仁剑震音扬	2	1.5	1	1	1	4	4	2016-09-11
一个有内涵的人	2	2	1	1	0	4	4	2016-09-11
kingdan	2	3	0	0	0	3	3	2016-09-11
些许	2	1.5	1	1	0	3	3	2016-09-11
丿慕容晚枫	2	2	0	0	0	2	2	2016-09-11
娜迦海妖	2	0.5	0	0.5	0	1	1	2016-09-11
友善的大夫	2	1	0	0	0	1	1	2016-09-11
荼薇与澈	2	0	0	1	0	1	1	2016-09-11
太阳骑士炮灰	2	1	0	0	0	1	1	2016-09-11
诸天花雨	2	0.5	0	0.5	0	1	1	2016-09-11
任离流	2	1	0	0	0	1	1	2016-09-11
小雪妖	2	1	0	0	0	1	1	2016-09-11
拉轰小女子	2	1.5	0	0	0	1	1	2016-09-11
三千世界鴉杀尽	2	1.5	0	0	0	1	1	2016-09-11
童话话	2	1	0	0	0	1	1	2016-09-11
＂清歌若月＊	2	0.5	0	1	0	1	1	2016-09-11
友善的若云	2	1.5	0	0	0	1	1	2016-09-11
蛋蛋疍	2	0	1	0.5	0	1	1	2016-09-11
咲冭陽	2	0	1	0	0	1	1	2016-09-11
徐海丶骚猪	2	0	0	0	0	0	0	2016-09-11
太白三圣	2	0	0	0	0	0	0	2016-09-11
天舞小草	2	0	0	0	0	0	0	2016-09-11
大光明里凤凰现	2	0	0	0	0	0	0	2016-09-11
武藏野剑太	2	0	0	0	0	0	0	2016-09-11
孤影惊残梦	2	0	0	0	0	0	0	2016-09-11
惬兮	2	0.5	0	0	0	0	0	2016-09-11
一只萌正太丶	2	0	0	0	0	0	0	2016-09-11
锦綉繁华空城梦	2	0	0	0	0	0	0	2016-09-11
裴述	2	0	0	0	0	0	0	2016-09-11
卖萌的麦兜	2	0	0	0	0	0	0	2016-09-11
蓝云青飞	2	0	0	0	0	0	0	2016-09-11
与君共枕到天明	2	0	0	0	0	0	0	2016-09-11
落墨点淸颜	2	0	0	0	0	0	0	2016-09-11
肾亏道人	2	0	0	0	0	0	0	2016-09-11
宁似	2	0	0	0	0	0	0	2016-09-11
雪域星空	2	0	0	0	0	0	0	2016-09-11
花丶妃	2	0	0	0	0	0	0	2016-09-11
影流皇族	2	0	0	0	0	0	0	2016-09-11
君无亦	2	0	0	0	0	0	0	2016-09-11
撑起雨伞	2	0	0	0	0	0	0	2016-09-11
凱蒂喵	2	0	0	0	0	0	0	2016-09-11
不爱喝芬达	2	0	0	0	0	0	0	2016-09-11
雷灬殇	2	0	0	0	0	0	0	2016-09-11
千虚羽	2	0	0	0	0	0	0	2016-09-11
姬如影	2	0	0	0	0	0	0	2016-09-11
回忆不曾悲伤	2	0	0	0	0	0	0	2016-09-11
圈圈	2	0	0	0	0	0	0	2016-09-11
丶七七七七夜	2	0	0	0	0	0	0	2016-09-11
寶寶兒	2	0	0	0	0	0	0	2016-09-11
不爱喝雪碧	2	0	0	0	0	0	0	2016-09-11
轻狂惊羽	2	0.5	0	0	0	0	0	2016-09-11
忆在	2	0	0	0	0	0	0	2016-09-11
红毛	2	0	0	0	0	0	0	2016-09-11
叫我鱼塘总裁丶	2	0	0	0	0	0	0	2016-09-11
北城初夏	2	0	0	0	0	0	0	2016-09-11
青笺画卿颜.ζ	2	0	0	0	0	0	0	2016-09-11
琴瑟风声绝	2	0	0	0	0	0	0	2016-09-11
永恒永远十八岁	2	0	0	0	0	0	0	2016-09-11
白菜子	2	0	0	0	0	0	0	2016-09-11
洛小洛丶	2	0	0	0	0	0	0	2016-09-11
一洛水一	2	0	0	0	0	0	0	2016-09-11
电车丶痴汉	2	0	0	0	0	0	0	2016-09-11
坤哥的私宠	2	0	0	0	0	0	0	2016-09-11
我讨厌用名字	2	0	0	0	0	0	0	2016-09-11
公子丶熙	2	0	0	0	0	0	0	2016-09-11
蛋蛋大侠丨	2	0	0	0	0	0	0	2016-09-11
丿别送丶就是怂	2	0	0	0	0	0	0	2016-09-11
丿别怂丶就是送	2	0	0	0	0	0	0	2016-09-11
不想昵称	2	0	0	0	0	0	0	2016-09-11
乞丐也能很强	2	0	0	0	0	0	0	2016-09-11
小呀小玉儿	2	0	0	0	0	0	0	2016-09-11
萝莉添棒棒糖嘛	2	0	0	0	0	0	0	2016-09-11
闻素问	2	0	0	0	0	0	0	2016-09-11
青梅淡煮酒	2	0	0	0	0	0	0	2016-09-11
廉念菡	2	0	0	0	0	0	0	2016-09-11
岑绿兰	2	0	0	0	0	0	0	2016-09-11
就要呵呵哒丶	2	0	0	0	0	0	0	2016-09-11
清喉丶	2	0	0	0	0	0	0	2016-09-11
苏窈	2	0	0	0	0	0	0	2016-09-11
落落清歡丶	2	0	0	0	0	0	0	2016-09-11
詹翠曼	2	0	0	0	0	0	0	2016-09-11
毅生有妮丶	2	0	0	0	0	0	0	2016-09-11
刀灵媛	2	0	0	0	0	0	0	2016-09-11
樱滿集丶	2	0.5	0	0	0	0	0	2016-09-11
世无休	2	0	0	0	0	0	0	2016-09-11
暖意醉花荫	2	0	0	0	0	0	0	2016-09-11
轻狂小柒	2	0	0	0.5	0	0	0	2016-09-11
九息	2	0	0	0	0	0	0	2016-09-11
阿锟猫	2	0	0	0	0	0	0	2016-09-11
醉戏美人	2	0	0	0	0	0	0	2016-09-11
猫不语	2	0	0	0	0	0	0	2016-09-11
火之鸟	2	0	0	0	0	0	0	2016-09-11
一花无缺一	2	0	0	0	0	0	0	2016-09-11
笛梦一秋	2	0	0	0	0	0	0	2016-09-11
椛灯	2	0	0	0	0	0	0	2016-09-11
糖糖哒	2	0	0	0	0	0	0	2016-09-11
吾寄愁心与明月	2	0	0	0	0	0	0	2016-09-11
红尘落雪月无痕	2	0	0	0	0	0	0	2016-09-11
ZzEvi11qRuxi	2	0	0	0	0	0	0	2016-09-11
唐糖～	2	0	0	0	0	0	0	2016-09-11
澄汁	2	0	0	0	0	0	0	2016-09-11
神威小枪将	2	0	0	0	0	0	0	2016-09-11
闭月羞	2	0	0	0	0	0	0	2016-09-11
魅丿无情	2	0	0	0	0	0	0	2016-09-11
轻笑忘	2	0	0	0	0	0	0	2016-09-11
楚歌柔	2	0	0	0	0	0	0	2016-09-11
沉渔落丶雁	2	0	0	0	0	0	0	2016-09-11
董汉卿	2	0	0	0	0	0	0	2016-09-11
红颜痴情笑	2	0	0	0	0	0	0	2016-09-11
谁家娇妻守空房	2	0	0	0	0	0	0	2016-09-11
陈寒风	2	0	0	0	0	0	0	2016-09-11
就叫玫瑰吧	2	0	0	0	0	0	0	2016-09-11
绑定小蜜的	2	0.5	0	0	0	0	0	2016-09-11
ParTing丶R	2	0	0	0	0	0	0	2016-09-11
飞雪如霜	2	0	0	0	0	0	0	2016-09-11
刃歌	2	0	0	0	0	0	0	2016-09-11
殇如此忧伤	2	0	0	0	0	0	0	2016-09-11
冬凝寒	2	0	0	0	0	0	0	2016-09-11
月影粟	2	0	0	0	0	0	0	2016-09-11
凡哥的父亲	2	0	0	0	0	0	0	2016-09-11
晗刈	2	0	0	0	0	0	0	2016-09-11
叶舫庭	2	0	0	0	0	0	0	2016-09-11
醉夜玲珑	2	0	0	0	0	0	0	2016-09-11
Actors丶纤旧	2	0	0	0	0	0	0	2016-09-11
李心武	2	0.5	0	0	0	0	0	2016-09-11
倾国不倾城	2	0	0	0	0	0	0	2016-09-11
言白衣	2	0	0	0	0	0	0	2016-09-11
手中玫瑰赠予谁	2	0	0	0	0	0	0	2016-09-11
染琴	2	0	0	0	0	0	0	2016-09-11
纳加法	2	0	0	0	0	0	0	2016-09-11
星雷	2	0	0	0	0	0	0	2016-09-11
飘羽湟	2	0	0	0	0	0	0	2016-09-11
神刀弑八荒	2	0	0	0	0	0	0	2016-09-11
猫笑夏花红衣香	2	0.5	0	0	0	0	0	2016-09-11
奶小牛丶	3	4	2	1	1	8	6	2016-09-11
魔仙堡小公举	3	4	2	0	1	7	6	2016-09-11
水影悠兰	3	4	2	1	0	7	6	2016-09-11
紫雨幽雲	3	4	2	1	0	7	6	2016-09-11
青骢绝骑塑天荒	3	4	0	1	1	6	6	2016-09-11
徐婧懿	3	3.5	1	1	1	6	6	2016-09-11
冷清语	3	3	1	1	1	6	6	2016-09-11
等我出轻语	3	4	1	1	0	6	6	2016-09-11
墨炽	3	3.5	0	1	1	5	5	2016-09-11
潇洒仗剑天下	3	3.5	1	0	1	5	5	2016-09-11
此情珂待	3	4	0	0	1	5	5	2016-09-11
何月凡	3	3	0	1	1	5	5	2016-09-11
艾莉亞史塔克	3	3	1	1	0	5	5	2016-09-11
凛柒っ	3	4	0	1	0	5	5	2016-09-11
山高丶木易	3	3.5	2	0	0	5	5	2016-09-11
午时已到小叨叨	3	2.5	0	1	1	4	4	2016-09-11
东风路三狗蛋	3	3.5	0	0	1	4	4	2016-09-11
神锤开山大梵天	3	2	0	1	1	4	4	2016-09-11
之锦	3	2	0	1	1	4	4	2016-09-11
冷晓汐丶	3	3.5	0	1	0	4	4	2016-09-11
唐舞桐灬	3	4	0	0	0	4	4	2016-09-11
苍镜	3	3	0	1	0	4	4	2016-09-11
伊贰叁	3	2.5	1	1	0	4	4	2016-09-11
紫舞流年	3	3	0	1	0	4	4	2016-09-11
那年今若、	3	1.5	0	1	1	3	3	2016-09-11
荡荡	3	0.5	2	0	1	3	3	2016-09-11
空虚公子萧四无	3	3.5	0	0	0	3	3	2016-09-11
月牙冲天	3	3	0	0.5	0	3	3	2016-09-11
那年红颜	3	2.5	0	1	0	3	3	2016-09-11
冉灬子墨	3	1	2	0	0	3	3	2016-09-11
小心有诈哦	3	2	0	1	0	3	3	2016-09-11
夜冥雪	3	3	0	0	0	3	3	2016-09-11
煌煌	3	2.5	0	1	0	3	3	2016-09-11
关翔予	3	1.5	1	1	0	3	3	2016-09-11
东瀛浪人展梦魂	3	1	0	0.5	1	2	2	2016-09-11
青羽墨染云	3	0	0	1	1	2	2	2016-09-11
木易丶凝烟	3	2	0	0	0	2	2	2016-09-11
花落时节与君别	3	1.5	0	1	0	2	2	2016-09-11
青城爱未恋	3	2	0	0.5	0	2	2	2016-09-11
濯清莲而不妖	3	1.5	0	0.5	0	2	2	2016-09-11
套套嗷呜	3	0.5	2	0	0	2	2	2016-09-11
纯洁友善的暮夏	3	1.5	0	1	0	2	2	2016-09-11
魔法少女杜芸松	3	2	0	0	0	2	2	2016-09-11
冷语情	3	0.5	0	0	1	1	1	2016-09-11
志方	3	0	0	0	1	1	1	2016-09-11
蝶舞旧梦	3	0	0	0	1	1	1	2016-09-11
浩浩丶浩	3	0	1	0	0	1	1	2016-09-11
蠢小椰丶	3	1	0	0	0	1	1	2016-09-11
刀之芳华	3	0.5	0	1	0	1	1	2016-09-11
框框	3	0.5	1	0	0	1	1	2016-09-11
帅气无敌康爸爸	3	0.5	0	0.5	0	1	1	2016-09-11
白析	3	0.5	0	1	0	1	1	2016-09-11
之绵	3	0	1	0	0	1	1	2016-09-11
可爱琳	3	1	0	0	0	1	1	2016-09-11
凉情负	3	0	1	0	0	1	1	2016-09-11
彼眸	3	0	0	0	0	0	0	2016-09-11
伐青	3	0	0	0	0	0	0	2016-09-11
最可爱的师姐	3	0	0	0	0	0	0	2016-09-11
纯洁友善的神刀	3	0	0	0	0	0	0	2016-09-11
莫倾城灬	3	0	0	0	0	0	0	2016-09-11
乏乏	3	0	0	0	0	0	0	2016-09-11
剣殊雨寒丶	3	0	0	0	0	0	0	2016-09-11
智障懵逼乔	3	0	0	0	0	0	0	2016-09-11
九袋丐	3	0	0	0	0	0	0	2016-09-11
神奇宝贝杨尼玛	3	0	0	0	0	0	0	2016-09-11
二狗娃	3	0	0	0	0	0	0	2016-09-11
好想告诉伱	3	0	0	0	0	0	0	2016-09-11
落花丶醉	3	0	0	0	0	0	0	2016-09-11
雨落、伤	3	0	0	0	0	0	0	2016-09-11
赤月染红尘	3	0	0	0	0	0	0	2016-09-11
小兔兔几	3	0	0	0	0	0	0	2016-09-11
迷茫中徘徊	3	0	0	0	0	0	0	2016-09-11
㏑ゞ初心ノ	3	0	0	0	0	0	0	2016-09-11
二瞳	3	0	0	0	0	0	0	2016-09-11
风暖伤	3	0	0	0	0	0	0	2016-09-11
转身落尽空城泪	3	0	0	0	0	0	0	2016-09-11
叶枫刃	3	0	0	0	0	0	0	2016-09-11
马来西亚的咪咪	3	0	0	0	0	0	0	2016-09-11
Yada丶leo	3	0	0	0	0	0	0	2016-09-11
顾寻清	3	0	0	0	0	0	0	2016-09-11
萝卜土豆丝	3	0	0	0	0	0	0	2016-09-11
追风少年鹰老七	3	0	0	0	0	0	0	2016-09-11
强力推土机	3	0	0	0	0	0	0	2016-09-11
琴小蓝	3	0	0	0	0	0	0	2016-09-11
伊似君心	3	0	0	0	0	0	0	2016-09-11
酱油酱紫	3	0	0	0	0	0	0	2016-09-11
祠下	3	0	0	0	0	0	0	2016-09-11
翩翩少年灬析	3	0	0	0	0	0	0	2016-09-11
夜雨流年	3	0	0	0	0	0	0	2016-09-11
龙灬泉	3	0	0	0	0	0	0	2016-09-11
一丿登	3	0	0	0	0	0	0	2016-09-11
微澜〃	3	0	0	0	0	0	0	2016-09-11
白衣卿卿	3	0	0	0	0	0	0	2016-09-11
凋零之光	3	0	0	0	0	0	0	2016-09-11
七情剑伶慕容英	3	0.5	0	0	0	0	0	2016-09-11
入梦落樱满熏香	3	0	0	0	0	0	0	2016-09-11
炖猪肘丶	3	0	0	0.5	0	0	0	2016-09-11
伱的酒窝没有酒	3	0	0	0	0	0	0	2016-09-11
宫离嫣	3	0	0	0	0	0	0	2016-09-11
友善的小内衣	3	0	0	0	0	0	0	2016-09-11
琉璃千雪	3	0	0	0	0	0	0	2016-09-11
歌风路丶三狗蛋	3	0	0	0	0	0	0	2016-09-11
琴瑟以歌	3	0	0	0	0	0	0	2016-09-11
柒果果	3	0	0	0	0	0	0	2016-09-11
纯洁友善的殇	3	0	0	0	0	0	0	2016-09-11
丶吴宇森	3	0.5	0	0	0	0	0	2016-09-11
其实是句号	3	0	0	0	0	0	0	2016-09-11
洪时雪	3	0	0	0	0	0	0	2016-09-11
Yennefer	3	0	0	0	0	0	0	2016-09-11
茶凉言尽丶	3	0	0	0	0	0	0	2016-09-11
瑶君	3	0	0	0	0	0	0	2016-09-11
天下芒果	3	0	0	0.5	0	0	0	2016-09-11
妄于	3	0	0	0	0	0	0	2016-09-11
阿翔翔	3	0	0	0	0	0	0	2016-09-11
司寇听雨	3	0	0	0	0	0	0	2016-09-11
恶酒。	3	0	0	0	0	0	0	2016-09-11
彡电竞丿柯南乄	3	0	0	0	0	0	0	2016-09-11
纯情少妇马芳玲	3	0	0	0	0	0	0	2016-09-11
水红芍	3	0	0	0	0	0	0	2016-09-11
冬瓜小荞	3	0	0	0	0	0	0	2016-09-11
五六柒	3	0	0	0	0	0	0	2016-09-11
丶大航母	3	0	0	0	0	0	0	2016-09-11
青丝如沫	3	0.5	0	0	0	0	0	2016-09-11
嚜韵轩華	3	0	0	0	0	0	0	2016-09-11
青絮丶	3	0.5	0	0	0	0	0	2016-09-11
燕雨莲	3	0	0	0	0	0	0	2016-09-11
徐耶比	3	0	0	0	0	0	0	2016-09-11
踏马清月夜	3	0	0	0	0	0	0	2016-09-11
项辰帝	3	0	0	0	0	0	0	2016-09-11
锦衣卫知秋	3	0	0	0	0	0	0	2016-09-11
绝影鬼斩苗天王	3	0	0	0	0	0	0	2016-09-11
碧蝶拉朽	3	0	0	0	0	0	0	2016-09-11
一息衍一	3	0	0	0	0	0	0	2016-09-11
青春亮丽欣妈妈	3	0	0	0	0	0	0	2016-09-11
叶菡	3	0	0	0	0	0	0	2016-09-11
橘子汁丶	3	0	0	0	0	0	0	2016-09-11
储舜	3	0	0	0	0	0	0	2016-09-11
东风路大狗蛋	3	0	0	0	0	0	0	2016-09-11
Sunnyboy丶桔子	3	0	0	0	0	0	0	2016-09-11
冉灬子灬墨	3	0	0	0	0	0	0	2016-09-11
教堂里听丿情歌	3	0	0	0	0	0	0	2016-09-11
树儿高高长	4	4	2	1	1	8	6	2016-09-11
如殇如暮歌ゎ	4	4	2	1	1	8	6	2016-09-11
口味太怪	4	4	2	1	1	8	6	2016-09-11
如狂如啸歌ゎ	4	4	2	1	1	8	6	2016-09-11
沐浠尘	4	3.5	2	1	1	7	6	2016-09-11
陌路莫回	4	3	2	1	1	7	6	2016-09-11
FateLibra	4	3.5	2	1	1	7	6	2016-09-11
鱼香	4	3.5	2	1	1	7	6	2016-09-11
FateScorpio	4	3.5	2	1	1	7	6	2016-09-11
襄州牛头梗	4	4	2	1	0	7	6	2016-09-11
如清如影歌ゎ	4	2.5	2	1	1	6	6	2016-09-11
再见是否红着脸	4	2.5	2	1	1	6	6	2016-09-11
佚名。	4	3	1	1	1	6	6	2016-09-11
黑泽丶纱重	4	3	1	1	1	6	6	2016-09-11
伴之则暖。	4	3	1	1	1	6	6	2016-09-11
东越雪纳瑞	4	2.5	1	1	1	5	5	2016-09-11
如梦如幻歌ゎ	4	2	0	1	1	4	4	2016-09-11
如酒如清歌ゎ	4	3	0	0	1	4	4	2016-09-11
时光不矜持	4	3.5	0	0	1	4	4	2016-09-11
黑泽丶八重	4	2	0	1	1	4	4	2016-09-11
苏幕清	4	3	0	1	0	4	4	2016-09-11
天语灬幻影	4	3.5	0	1	0	4	4	2016-09-11
晓月梦澈	4	3.5	0	1	0	4	4	2016-09-11
荆轲已逝高渐离	4	3.5	0	1	0	4	4	2016-09-11
在下唐言	4	3.5	1	0	0	4	4	2016-09-11
执劍小书生	4	3.5	0	1	0	4	4	2016-09-11
曲终无意	4	3	0	1	0	4	4	2016-09-11
萧劲城	4	2.5	0	1	0	3	3	2016-09-11
〆连翘	4	2	0	1	0	3	3	2016-09-11
太子彬	4	2.5	0	1	0	3	3	2016-09-11
如梦如挽歌ゎ	4	2	0	1	0	3	3	2016-09-11
倔强的小屁股	4	2.5	0	1	0	3	3	2016-09-11
丐帮汪剑通	4	3	0	0	0	3	3	2016-09-11
冬眠的团子	4	2.5	0	1	0	3	3	2016-09-11
剑惜玉	4	3.5	0	0	0	3	3	2016-09-11
茴香。	4	1.5	1	0.5	0	3	3	2016-09-11
酒倾轻竹影	4	1	0	0.5	1	2	2	2016-09-11
墨萧炎	4	1.5	0	0	1	2	2	2016-09-11
素以折扇	4	2	0	0	0	2	2	2016-09-11
慕榕月	4	0	2	0	0	2	2	2016-09-11
素手绾青丝임	4	2	0	0	0	2	2	2016-09-11
薏苡。	4	0	2	0.5	0	2	2	2016-09-11
汪映雪	4	1	0	1	0	2	2	2016-09-11
超人不会飞〃	4	1.5	0	1	0	2	2	2016-09-11
倦岫风眠	4	1	0	1	0	2	2	2016-09-11
如慕如幽歌ゎ	4	0.5	0	0	1	1	1	2016-09-11
秦川吉娃娃	4	0	0	0	1	1	1	2016-09-11
明茗馨	4	0	0	0	1	1	1	2016-09-11
兮颜洛水	4	0	0	0	1	1	1	2016-09-11
丶薛日天	4	0	0	1	0	1	1	2016-09-11
守护锋	4	0	0	1	0	1	1	2016-09-11
无所不能小奇葩	4	0	1	0	0	1	1	2016-09-11
半日丶浮生	4	1	0	0	0	1	1	2016-09-11
巴蜀萨摩耶	4	0	0	1	0	1	1	2016-09-11
薛无衡	4	1.5	0	0	0	1	1	2016-09-11
花儿盛盛开	4	1.5	0	0	0	1	1	2016-09-11
惜玉挽轻裳	4	0.5	0	1	0	1	1	2016-09-11
务必叫我欧皇	4	0	0	0	0	0	0	2016-09-11
辉煌PT	4	0	0	0	0	0	0	2016-09-11
帝喾	4	0	0	0	0	0	0	2016-09-11
C丶C丶	4	0.5	0	0	0	0	0	2016-09-11
冷烂人灬	4	0	0	0	0	0	0	2016-09-11
冷凝香。	4	0	0	0	0	0	0	2016-09-11
大大大大西瓜丶	4	0	0	0	0	0	0	2016-09-11
咸鱼天香	4	0	0	0	0	0	0	2016-09-11
拥之则安。	4	0	0	0	0	0	0	2016-09-11
回头我就在身后	4	0	0	0	0	0	0	2016-09-11
雪遥	4	0	0	0	0	0	0	2016-09-11
笑看浮华红尘事	4	0	0	0	0	0	0	2016-09-11
明婕	4	0	0	0	0	0	0	2016-09-11
慕瑾遥	4	0	0	0	0	0	0	2016-09-11
颂碑寒	4	0	0	0	0	0	0	2016-09-11
、陌上看花	4	0	0	0	0	0	0	2016-09-11
柠小檬丶	4	0	0	0	0	0	0	2016-09-11
邱少	4	0	0	0	0	0	0	2016-09-11
浮生半日	4	0.5	0	0	0	0	0	2016-09-11
真爱一定有颜色	4	0	0	0	0	0	0	2016-09-11
冷沐瞳	4	0	0	0	0	0	0	2016-09-11
无爱别演	4	0	0	0	0	0	0	2016-09-11
春困的团子	4	0	0	0	0	0	0	2016-09-11
思弦	4	0.5	0	0	0	0	0	2016-09-11
钟离三昧	4	0	0	0	0	0	0	2016-09-11
冷汐宇	4	0	0	0	0	0	0	2016-09-11
千雪冰鳳	4	0	0	0	0	0	0	2016-09-11
慕城雪	4	0	0	0	0	0	0	2016-09-11
一叶知秋づ	4	0	0	0	0	0	0	2016-09-11
逍遥芙蕖	4	0	0	0	0	0	0	2016-09-11
榕月	4	0	0	0	0	0	0	2016-09-11
月夜凉	4	0	0	0	0	0	0	2016-09-11
男人应有的自豪	4	0	0	0	0	0	0	2016-09-11
梨花黛雨	4	0	0	0	0	0	0	2016-09-11
红丶雪	4	0	0	0	0	0	0	2016-09-11
凉山伯	4	0	0	0	0	0	0	2016-09-11
语丶殇	4	0	0	0	0	0	0	2016-09-11
偌米粥丶	4	0	0	0	0	0	0	2016-09-11
樱桃さま	4	0	0	0	0	0	0	2016-09-11
葉窕	4	0	0	0	0	0	0	2016-09-11
甄心	4	0	0	0	0	0	0	2016-09-11
琉璎	4	0	0	0	0	0	0	2016-09-11
辉辉辉辉丶輝	4	0	0	0	0	0	0	2016-09-11
太极魔尊	4	0	0	0	0	0	0	2016-09-11
雪糕失望	4	0	0	0	0	0	0	2016-09-11
鱼爸爸	4	0	0	0	0	0	0	2016-09-11
琴韵红衣丶心	4	0	0	0	0	0	0	2016-09-11
企及	4	0	0	0	0	0	0	2016-09-11
神威司空阿龙	4	0	0	0	0	0	0	2016-09-11
丶天蓝色	4	0	0	0	0	0	0	2016-09-11
易小川	4	0	0	0	0	0	0	2016-09-11
余夜阑珊	4	0	0	0	0	0	0	2016-09-11
檀羽冲	4	0	0	0	0	0	0	2016-09-11
Jocelyn	4	0	0	0	0	0	0	2016-09-11
郭蝈蝈	4	0	0	0	0	0	0	2016-09-11
唐卿凝	4	0	0	0	0	0	0	2016-09-11
墨語丶	4	0	0	0	0	0	0	2016-09-11
辛风夕	4	0	0	0	0	0	0	2016-09-11
叶天簌	4	0	0	0	0	0	0	2016-09-11
千怀	4	0	0	0	0	0	0	2016-09-11
秦友善。	4	0	0	0	0	0	0	2016-09-11
别碰我的葫芦	4	0	0	0	0	0	0	2016-09-11
烈凝风	4	0	0	0	0	0	0	2016-09-11
宋画蝶	4	0	0	0	0	0	0	2016-09-11
丶神楽	4	0	0	0	0	0	0	2016-09-11
安好晴天	4	0	0	0	0	0	0	2016-09-11
狄万钧	4	0	0	0	0	0	0	2016-09-11
sad自行车	4	0	0	0	0	0	0	2016-09-11
暮小曦丶	4	0	0	0	0	0	0	2016-09-11
神威再见	4	0	0	0	0	0	0	2016-09-11
万年孤独	4	0	0	0	0	0	0	2016-09-11
F丨小乖	4	0	0	0	0	0	0	2016-09-11
壬生京大郎	4	0	0	0	0	0	0	2016-09-11
丶忍野咩咩	4	0	0	0	0	0	0	2016-09-11
上官妙玥	4	0	0	0	0	0	0	2016-09-11
浪哩个浪	4	0	0	0	0	0	0	2016-09-11
君i陌离	4	0.5	0	0	0	0	0	2016-09-11
格里斯贝恩	4	0	0	0	0	0	0	2016-09-11
太白洗衣液	4	0	0	0	0	0	0	2016-09-11
丐帮金鹏长老	4	0	0	0	0	0	0	2016-09-11
皈依奶小牛丶	4	0	0	0	0	0	0	2016-09-11
胡大力	4	0.5	0	0	0	0	0	2016-09-11
淡然置之	4	0	0	0	0	0	0	2016-09-11
鹅几	4	0	0	0	0	0	0	2016-09-11
柒苍术的小傀儡	4	0	0	0	0	0	0	2016-09-11
夏又離	4	0	0	0	0	0	0	2016-09-11
泪忆寒、	4	0	0	0	0	0	0	2016-09-11
遇之则感。	4	0	0	0	0	0	0	2016-09-11
超懒的阿元呀	4	0	0	0	0	0	0	2016-09-11
容子欢	4	0	0	0	0	0	0	2016-09-11
从前玩真武	4	0	0	0	0	0	0	2016-09-11
