1 紫雨幽雲 731 767
2 框框 669 689
3 古巷烟雨断桥殇 613 655
4 墨河 609 653
5 煌煌 526 622
6 艾尔艾路弗 585 613
7 墨萧炎 536 598
8 开封拍卖行 542 594
9 凌渃尘 575 591
10 安好晴天 544 578
11 零拾 562 578
12 凯贼阔里 546 570
13 挽瓷 511 567
14 拌饭萌面酥 545 557
15 时钟轻摇孤独 478 540
16 墨韵轩华 509 535
17 方得始終 488 534
18 太极至尊 487 533
19 格殺 490 518
20 楪夢 488 518
21 荡荡 483 517
22 机智勇敢的小猪 463 515
23 凯 478 514
24 丶初馨 504 514
25 浪迹小秦 465 505
26 花兮兮兮兮 448 504
27 潇洒仗剑天下 444 500
28 曲终无意 465 493
29 格七 456 492
30 成溪 478 490
31 柒叶浅 470 488
32 青丝枫凌 451 485
33 东风路三狗蛋 469 483
34 城南穷鬼赵四 473 479
35 武藏野剑太 462 472
36 晓月梦澈 448 466
37 流浪的小花狼 457 465
38 我是小官人 454 462
39 一直梨花压海棠 450 460
40 昔昔 430 436
41 蘃 423 431
42 在下唐言 412 430
43 彡电竞丿柯南乄 407 429
44 折扇浪漫 400 428
45 沐浠尘 390 420
46 树儿高高长 389 415
47 影流皇族 394 402
48 追风少年鹰老七 383 393
49 奶小牛丶 383 385
50 友善的咸鱼白 371 383
51 轻素剪云端 374 380
52 木易丶凝烟 349 379
53 帅气无敌康爸爸 355 375
54 浩浩丶浩 374 374
55 丐帮萌主 363 371
56 机智勇敢的小炮 330 360
57 淡若清风過丶 330 348
58 梦觞丶 294 326
59 小阿淮呀 303 321
60 丶依弦 294 312
61 绫月薇 267 283
62 花谢人凋零。 246 280
63 亲爱的未闻花名 254 264
64 青骢绝骑塑天荒 256 264
65 一个有内涵的人 259 259
66 一抹煙雨落繁華 240 250
67 邱少 221 247
68 东瀛浪人展梦魂 222 242
69 神威再见 211 233
70 无言上青楼 181 187
71 守护锋 76 80
72 山高丶木易 41 43
73 池小晚 35 37
74 乌莲娜 15 15
75 池小猫 5 7
76 神丶陌上微光 3 3
77 ParTing丶R 2 2
78 入梦落樱满熏香 1 1
79 等我出轻语 0 0
80 苍镜 0 0
81 怒怒怒怒火 0 0
82 纯洁友善的殇 0 0
83 魔法少女杜芸松 0 0
84 月怜诗涵 0 0
85 任离流 0 0
86 潇湘灬墨染 0 0
87 毕夏有毓 0 0
88 五六柒 0 0
89 灬醉丨雲嫣 0 0
90 吕小栋 0 0
91 儒丶张良 0 0
92 空虚公子萧四无 0 0
93 凡人的梦 0 0
94 纯洁友善的暮夏 0 0
95 青城爱未恋 0 0
96 一人一枪闯九州 0 0
97 落花丶醉 0 0
98 眉间一点白 0 0
99 轻笑忘 0 0
100 小萌耍太白丶 0 0
101 唐舞桐灬 0 0
102 其实想玩刀客 0 0
103 甄心 0 0
104 墨雨丶晓枫 0 0
105 落雨晴天 0 0
106 艾莉亞史塔克 0 0
107 蝶舞旧梦 0 0
108 淺笙 0 0
109 在下唐银 0 0
110 叶菡 0 0
111 洪时雪 0 0
112 临风望月爱啪啪 0 0