1 零拾 天香 14930 0 0 0 0
2 煌煌 太白 13789 0 0 0 0
3 FateScorpio 天香 14055 0 0 0 0
4 再见是否红着脸 真武 14723 0 0 0 0
5 薄霭 天香 12892 0 0 0 0
6 怒怒怒怒火 唐门 14018 0 0 0 0
7 丶忍野咩咩 太白 13719 0 0 0 0
8 SouLmAte、小狼 太白 13785 0 0 0 0
9 开封拍卖行 唐门 14029 0 0 0 0
10 蝶舞旧梦 天香 13549 0 0 0 0
11 浪迹小秦 真武 14139 0 0 0 0
12 紫雨幽雲 天香 14993 0 0 0 0
13 框框 天香 14842 0 0 0 0
14 乌莲娜 真武 13905 0 0 0 0
15 倾舞情儿 天香 13666 0 0 0 0
16 花兮兮兮兮 五毒 14870 0 0 0 0
17 一人一枪闯九州 神威 14348 0 0 0 0
18 叶菡 天香 13375 0 0 0 0
19 阿翔翔 太白 11021 0 0 0 0
20 一个有内涵的人 神威 10545 0 0 0 0
21 执劍小书生 太白 13790 0 0 0 0
22 蘃 天香 14091 0 0 0 0
23 雙生逐梦 太白 11856 0 0 0 0
24 七情剑伶慕容英 真武 15083 0 0 0 0
25 淡若清风過丶 太白 13946 0 0 0 0
26 南宫絮语 天香 11657 0 0 0 0
27 墨韵轩华 太白 15195 0 0 0 0
28 宇佐见灬莲子 真武 12925 0 0 0 0
29 花谢人凋零。 天香 14734 0 0 0 0
30 咲冭陽 太白 12448 0 0 0 0
31 男人应有的自豪 真武 14026 0 0 0 0
32 吕小栋 真武 9968 0 0 0 0
33 曾岀山 丐帮 13596 0 0 0 0
34 仁剑震音扬 真武 12078 0 0 0 0
35 水影悠兰 五毒 12442 0 0 0 0
36 鱼香 真武 14673 0 0 0 0
37 娇软の小屁股 神威 14263 0 0 0 0
38 折扇浪漫 真武 15368 0 0 0 0
39 沐浠尘 神威 13766 0 0 0 0
40 纯洁友善的殇 神威 13456 0 0 0 0
41 诸天花雨 天香 14103 0 0 0 0
42 鱼小小 天香 13784 0 0 0 0
43 洪时雪 丐帮 14081 0 0 0 0
44 丶天蓝色 真武 9961 0 0 0 0
45 一直梨花压海棠 神威 13847 0 0 0 0
46 等风与你 天香 13582 0 0 0 0
47 其实想玩刀客 真武 13808 0 0 0 0
48 古手梨花sama 丐帮 14091 0 0 0 0
49 鱼爸爸 唐门 13065 0 0 0 0
50 曾許諾 天香 13575 0 0 0 0
51 蛋蛋疍 丐帮 12648 0 0 0 0
52 丐帮萌主 丐帮 12366 0 0 0 0
53 永恒永远十八岁 神威 13781 0 0 0 0
54 ＊团灭专用奶 天香 13570 0 0 0 0
55 丿几度度丶 神威 13339 0 0 0 0
56 此情珂待 天香 10958 0 0 0 0
57 酒倾轻竹影 神威 15103 0 0 0 0
58 郭蝈蝈 太白 14174 0 0 0 0
59 潇洒仗剑天下 太白 14406 0 0 0 0
60 机智勇敢的小炮 丐帮 14347 0 0 0 0
61 拌蠢蠢 天香 14110 0 0 0 0
62 何月凡 真武 9743 0 0 0 0
63 百里轩翊 神威 14714 0 0 0 0
64 FateLibra 神威 13335 0 0 0 0
65 奶小牛丶 天香 13260 0 0 0 0
66 荆轲已逝高渐离 天香 11674 0 0 0 0
67 明年今日奕十年 五毒 10271 0 0 0 0
68 友善的咸鱼白 天香 14484 0 0 0 0
69 甄心 天香 12431 0 0 0 0
70 凯 丐帮 15215 0 0 0 0
71 天下芒果 太白 10083 0 0 0 0
72 纯洁友善的暮夏 天香 14282 0 0 0 0
73 树儿高高长 太白 13416 0 0 0 0
74 晓月梦澈 天香 13704 0 0 0 0
75 在下唐银 太白 14254 0 0 0 0
76 帅气无敌康爸爸 唐门 13960 0 0 0 0
77 夜白衣 真武 14364 0 0 0 0
78 东风路三狗蛋 神威 13903 0 0 0 0
79 淺笙 真武 13107 0 0 0 0
