1 紫雨幽雲 716 752
2 乐璟 599 665
3 拌饭萌面酥 611 625
4 框框 567 579
5 诸天花雨 495 535
6 机智勇敢的小明 445 535
7 凰荼歌 498 504
8 机智勇敢的小珞 483 487
9 墨炽 414 482
10 凯贼阔里 456 480
11 墨韵轩华 424 466
12 杂粮煎饼 439 463
13 凌雲傲雪 460 460
14 男人应有的自豪 394 456
15 格七 441 445
16 那年红颜 434 436
17 派大星么么哒 398 434
18 机智勇敢的小浪 383 425
19 紫舞流年 398 416
20 若汐 404 414
21 殇如此忧伤 400 414
22 渡亡 372 412
23 陌路莫回 378 408
24 梦觞丶 395 401
25 知南茶清 389 395
26 机智勇敢的小吊 378 394
27 言柳 389 393
28 任离流 353 391
29 机智勇敢的小猪 366 384
30 菱喵喵 375 379
31 青羽墨染云 327 379
32 凡哥的祖父 324 376
33 树儿高高长 340 376
34 冷晓汐丶 339 367
35 洪时雪 320 366
36 再见是否红着脸 337 365
37 其实想玩刀客 303 363
38 丿几度度丶 314 354
39 煌煌 292 354
40 潇洒仗剑天下 327 349
41 时钟轻摇孤独 315 345
42 一息衍一 331 345
43 去浪迹天涯 274 340
44 时辰信叁 327 335
45 校服一穿就变乖 319 333
46 幻之凝雪 306 332
47 巡山的人 295 329
48 清弦 319 329
49 一直梨花压海棠 316 326
50 在水一方丶丶 295 317
51 百里轩翊 298 312
52 仑吾山、盖聂 276 312
53 云虚 278 308
54 东风路三狗蛋 288 298
55 轻素剪云端 291 295
56 凌雲曦 284 294
57 乌莲娜 275 289
58 叶菡 273 283
59 彡电竞丿柯南乄 234 272
60 奶妈起余音 249 257
61 My丶殇 246 256
62 丶她有清喉 243 255
63 一抹煙雨落繁華 239 255
64 山高丶木易 237 241
65 凯 195 239
66 二瞳 231 235
67 帅气无敌康爸爸 222 232
68 香扒饭 217 225
69 方得始終 211 223
70 白公子x 209 217
71 意邪 211 217
72 杨尼玛 184 214
73 青城爱未恋 192 214
74 等我出轻语 205 213
75 派大星囧么么 182 210
76 我是小官人 198 208
77 荡荡 181 205
78 机智勇敢的小炮 185 205
79 椛灯 188 190
80 泪满衫r 188 190
81 宴渊 173 177
82 顾北歌寒 169 175
83 我是恺子爸 167 173
84 唐舞桐灬 168 172
85 翎羽寒心 148 162
86 艾莉亞史塔克 137 149
87 木易丶凝烟 138 140
88 池小晚 110 118
89 董锋 94 114
90 墨雨丶晓枫 109 111
91 旧忆 90 106
92 落花丶醉 91 103
93 孤鸾° 92 98
94 琴韵红衣丶心 87 87
95 机智勇敢的小鸡 74 84
96 灬醉丨雲嫣 77 81
97 叁岁丶 66 68
98 池小猫 37 43
99 怒怒怒怒火 34 38
100 守护锋 28 30
101 毕夏有毓 27 29
102 苍镜 15 23
103 零拾 22 22
104 只想做个好人 5 11
105 丶倾弦 10 10
106 乃子后面就是心 5 5
107 淺笙 4 4
108 异逍遥 1 1
109 花木头 0 0
110 楪夢 0 0
111 丐帮汪剑通 0 0
112 狂灬黑 0 0
