1 等风与你 11 33
2 凯 3 7
3 灬醉丨雲嫣 3 5
4 陌路莫回 4 4
5 如墨风清 3 3
6 磊桶顺刘等的爸 1 3
7 倾舞情儿 2 2
8 等我出轻语 2 2
9 若汐 2 2
10 淡若清风過丶 2 2
11 方得始終 2 2
12 时钟轻摇孤独 2 2
13 在水一方丶丶 2 2
14 清弦 2 2
15 树儿高高长 2 2
16 一暮夏一 1 1
17 全城竟是小白兔 1 1
18 一抹煙雨落繁華 1 1
19 墨韵轩华 1 1
20 董锋 1 1
21 时辰信叁 1 1
22 我是恺子爸 1 1
23 青羽墨染云 1 1
24 巡山的人 1 1
25 My丶殇 1 1
26 框框 1 1
27 梦觞丶 1 1
28 格七 1 1
29 道长丶阿玄 1 1
30 橘生淮北为枳 2 1
31 叁岁丶 1 1
32 最可爱的师姐 1 1
33 帅气无敌康爸爸 1 1
34 那年红颜 1 1
35 棒棒噠 1 1
36 丶她有清喉 1 1
37 墨河 1 1
38 懒小孩 1 1
39 任离流 1 1
40 一人一枪闯九州 1 1
41 毕夏有毓 1 1
42 二瞳 1 1
43 老滚 0 0
44 ′浪浪 0 0
45 木易丶凝烟 0 0
46 诸天花雨 0 0
47 泪满衫r 0 0
48 一直梨花压海棠 0 0
49 QQ绿钻 0 0
50 池小晚 0 0
51 再见是否红着脸 0 0
52 洪时雪 0 0
53 夜刃劫 0 0
54 一曲天涯梦未远 0 0
55 百里轩翊 0 0
56 古巷烟雨断桥殇 0 0
57 一息衍一 0 0
58 零拾 0 0
59 紫雨幽雲 0 0
60 乌莲娜 0 0
61 墨萧炎 0 0
62 丶倾弦 0 0
63 怒怒怒怒火 0 0
64 凰荼歌 0 0
65 煌煌 0 0
66 机智勇敢的小吊 1 0
67 笑看丶天下 0 0
68 ULan 0 0
69 言柳 0 0
70 蝶舞旧梦 0 0
71 潇洒仗剑天下 0 0
72 丿几度度丶 0 0
73 旧忆 0 0
74 艾莉亞史塔克 0 0
75 儒丶张良 0 0
76 一曲天涯醉月光 0 0
77 狂灬黑 0 0
78 机智勇敢的小猪 0 0
79 琴韵红衣丶心 0 0
80 奶小牛丶 0 0
81 紫舞流年 0 0
82 白公子x 0 0
83 晓月梦澈 0 0
84 曲终无意 0 0
85 仑吾山、盖聂 0 0
86 雪潇然c 0 0
87 踏马清月夜 0 0
88 异逍遥 0 0
89 山高丶木易 0 0
90 万心忧 0 0
91 章鱼宝宝 0 0
92 殇月未觞 0 0
93 杂粮煎饼 0 0
94 放肆流逝的年华 0 0
95 扛旗 0 0
96 无名唐大夫 0 0
97 回头我就在身后 0 0
98 东风路三狗蛋 0 0
99 奶妈起余音 0 0
100 Tusy 0 0
101 知南茶清 0 0
102 香扒饭 0 0
103 梦太晚 0 0
104 荡荡 0 0
105 随你几时丶 0 0
106 机智勇敢的小鸡 1 0
107 几度度丶 0 0
108 美美噠 0 0
109 青城爱未恋 0 0
110 机智勇敢的小炮 0 0
111 格殺 0 0
112 君挽言 0 0
113 浩浩丶浩 0 0
114 机智勇敢的小珞 0 0
115 顾北歌寒 0 0
116 机智勇敢的小浪 0 0
117 楪夢 0 0
118 机智勇敢的小明 3 0
119 殇如此忧伤 0 0
120 冷晓汐丶 0 0
