1 拌蠢蠢 1167 1205
2 紫雨幽雲 1131 1157
3 零拾 1104 1156
4 a逼c迪e诶扶鸡 926 1040
5 倔强的小屁股 907 955
6 绑定小蜜的 913 913
7 奶小牛丶 901 913
8 怒怒怒怒火 847 907
9 如殇如暮歌ゎ 824 892
10 冷晓汐丶 853 885
11 ゝゝ脏花花。 866 882
12 三千世界鴉杀尽 817 879
13 尐浣熊。 724 856
14 离渊不破笑道人 806 838
15 尛尛唐猫咪 754 808
16 小阿淮呀 780 806
17 FateScorpio 802 802
18 墨炽 714 792
19 佚名。 753 787
20 茴香。 727 779
21 沐伯乾 750 770
22 魔法少女杜芸松 693 751
23 Mn丶猫猫君 711 751
24 秋末黑白 719 745
25 淺笙 721 737
26 白马落叶总相依 687 731
27 此情珂待 726 730
28 鱼香 673 727
29 墨河 672 724
30 东风路三狗蛋 672 702
31 煌煌 638 698
32 冬眠的团子 683 693
33 黑泽丶八重 657 685
34 如酒如清歌ゎ 644 678
35 黑泽丶纱重 620 676
36 魔仙堡小公举 629 671
37 树儿高高长 581 669
38 迟歌 657 663
39 古巷烟雨断桥殇 641 661
40 仁剑震音扬 609 655
41 伴之则暖。 649 649
42 等我出轻语 619 639
43 百里轩翊 592 632
44 那年红颜 625 631
45 〆连翘 597 621
46 如酒如笙歌ゎ 607 617
47 午时已到小叨叨 547 613
48 如梦如挽歌ゎ 542 606
49 若以梦熙わ 569 603
50 FateLibra 594 598
51 冷清语 515 593
52 〃北梦木兮 574 586
53 空虚公子萧四无 552 578
54 如狂如啸歌ゎ 552 568
55 俱利摩 519 563
56 荆轲已逝高渐离 556 556
57 苍镜 504 550
58 夜冥雪 520 542
59 冉灬子墨 518 542
60 惬兮 536 540
61 天语灬幻影 509 529
62 浪迹小秦 481 529
63 超人不会飞〃 473 521
64 ￣放空 507 519
65 如梦如幻歌ゎ 494 510
66 东越雪纳瑞 504 506
67 唐舞桐灬 460 504
68 沐浠尘 465 503
69 在下唐言 467 489
70 晓晨晨晨 478 486
71 再见是否红着脸 403 453
72 水影悠兰 439 451
73 曲终无意 421 433
74 墨韵轩华 407 429
75 与尔同销萬古愁 401 425
76 凛柒っ 417 417
77 晓月梦澈 411 413
78 余子乔丶 398 408
79 山高丶木易 406 406
80 之锦 392 402
81 苏幕清 393 401
82 濯清莲而不妖 378 398
83 萧劲城 388 398
84 倦岫风眠 390 396
85 执劍小书生 368 396
86 时光不矜持 383 391
87 白微薇 364 388
88 折扇浪漫 341 387
89 大眼睛秋秋 345 373
90 丨梦里寻她丶丨 360 364
91 kingdan 312 352
92 艾莉亞史塔克 343 345
93 跟寂寞再和好丶 331 339
94 月牙冲天 310 322
95 襄州牛头梗 291 311
96 素以折扇 293 295
97 吕小栋 280 280
98 如清如影歌ゎ 267 279
99 素手绾青丝임 255 271
100 太极至尊 238 270
101 口味太怪 255 255
102 木易丶凝烟 230 240
103 剑惜玉 214 214
104 丿慕容晚枫 205 207
105 丐帮汪剑通 196 206
106 薛无衡 193 199
107 凌渃尘 176 182
108 拉轰小女子 181 181
109 水纹衫丶 176 178
110 青骢绝骑塑天荒 129 129
111 樱滿集丶 104 104
112 关翔予 86 100
113 君i陌离 83 83
114 唐门王俊凯 77 77
115 雪の下八幡 52 52
116 阴萤儿 39 39
117 只想做个好人 18 22
118 兰阶兔月邪 20 20
119 徐婧懿 12 12
120 青城爱未恋 0 0
