1 笑看丶天下 28 62
2 机智勇敢的小浪 30 40
3 煌煌 22 30
4 紫舞流年 18 20
5 机智勇敢的小猪 13 19
6 太极至尊 14 18
7 蘃 17 17
8 机智勇敢的小吊 14 16
9 诸天花雨 14 16
10 时钟轻摇孤独 11 15
11 小阿淮呀 8 14
12 彡电竞丿柯南乄 10 14
13 冷晓汐丶 14 14
14 格殺 8 14
15 一直梨花压海棠 9 13
16 全城竟是小白兔 9 11
17 百里轩翊 9 11
18 邱少 9 11
19 框框 11 11
20 格七 8 8
21 花兮兮兮兮 5 7
22 一曲天涯炸大肠 4 6
23 影流皇族 2 6
24 机智勇敢的小兔 2 6
25 章鱼宝宝 6 6
26 杂粮煎饼 4 6
27 凡哥的祖父 5 5
28 五六柒 3 5
29 乐璟 4 4
30 紫雨幽雲 4 4
31 知南茶清 1 3
32 机智勇敢的小月 3 3
33 灬醉丨雲嫣 3 3
34 言柳 3 3
35 香扒饭 1 3
36 栀栀 2 2
37 仑吾山、盖聂 2 2
38 青城爱未恋 1 1
39 疾风嗍 1 1
40 淡若清风過丶 1 1
41 曲终无意 1 1
42 荡荡 1 1
43 顾北歌寒 1 1
44 异逍遥 1 1
45 梦中、有你 1 1
46 墨河 1 1
47 城南穷鬼赵四 1 1
48 梦觞丶 1 1
49 神丶陌上微光 0 0
50 零拾 0 0
51 墨韵轩华 0 0
52 晓月梦澈 0 0
53 踏马清月夜 0 0
54 〇卝亗卝〇 0 0
55 毕夏有毓 0 0
56 乌莲娜 0 0
57 可爱琳 0 0
58 浩浩丶浩 0 0
59 纯洁友善的殇 0 0
60 只想做个好人 0 0
61 白衣涡阳 0 0
62 南宫絮语 0 0
63 山高丶木易 0 0
64 晚下 0 0
65 一曲天涯梦未远 0 0
66 等我出轻语 0 0
67 古巷烟雨断桥殇 0 0
68 二瞳 0 0
69 昔昔 0 0
70 叶廖 0 0
71 帅气无敌康爸爸 0 0
72 雪糕失望 0 0
73 Yennefer 0 0
74 蚩尤魔人 0 0
75 在水一方丶丶 0 0
76 怒怒怒怒火 0 0
77 任离流 0 0
78 一暮夏一 0 0
79 暖心城 0 0
80 骄傲的龙王丶 0 0
81 若汐 0 0
82 倾舞情儿 0 0
83 一抹煙雨落繁華 0 0
84 时辰信叁 0 0
85 青衫逝 0 0
86 等风与你 0 0
87 为君丶祭酒 0 0
88 洪时雪 0 0
89 幻之凝雪 0 0
90 潇洒仗剑天下 0 0
91 丶她有清喉 0 0
92 唏嘘流年 0 0
93 凯贼阔里 0 0
94 飘渺磊 0 0
95 淺笙 0 0
96 奶小牛丶 0 0
97 守护锋 0 0
98 叶菡 0 0
99 小爷不懂爱 0 0
100 一人一枪闯九州 0 0
101 荆轲已逝高渐离 0 0
102 丿几度度丶 0 0
103 凯 0 0
104 柒叶浅 0 0
105 儒丶张良 0 0
106 盖世呆头洋 0 0
107 一息衍一 0 0
108 东风路三狗蛋 0 0
109 狂灬黑 0 0
110 万心忧 0 0
111 大叔别跑啊 0 0
112 叁岁丶 0 0
113 殇月未觞 0 0
114 蝶舞旧梦 0 0
115 再见是否红着脸 0 0
116 艾莉亞史塔克 0 0
117 木易丶凝烟 0 0
118 执笔丶殇 0 0
119 一曲天涯醉月光 0 0
120 月落雅雅 0 0
