1 方得始終 5 9
2 一丿登 5 9
3 陌路莫回 3 7
4 守护锋 4 6
5 东风路三狗蛋 2 4
6 花谢人凋零。 2 4
7 墨萧炎 2 4
8 °° 4 4
9 梦觞丶 2 4
10 春晴 1 3
11 格殺 3 3
12 在下唐银 2 2
13 秦友善。 2 2
14 儒丶张良 2 2
15 冷晓汐丶 2 2
16 一抹煙雨落繁華 1 1
17 青丝枫凌 1 1
18 我是天香的啊 1 1
19 ′浪浪 0 0
20 诸天花雨 0 0
21 梦呓ゝ 0 0
22 池小晚 0 0
23 巡山的人 0 0
24 艾莉亞史塔克 0 0
25 艾尔艾路弗 0 0
26 荆轲已逝高渐离 0 0
27 倾舞情儿 0 0
28 落花丶醉 0 0
29 怒怒怒怒火 0 0
30 丶她有清喉 0 0
31 青骢绝骑塑天荒 0 0
32 叶菡 0 0
33 一直梨花压海棠 0 0
34 丿Muc丨君丶陌 0 0
35 安好晴天 0 0
36 乌莲娜 0 0
37 花兮兮兮兮 0 0
38 丶初馨 0 0
39 阮蠢蠢 0 0
40 洪时雪 0 0
41 甄心 0 0
42 机智勇敢的小兔 0 0
43 安蠢蠢 0 0
44 小阿淮呀 0 0
45 墨舞丶倾城 0 0
46 木易丶凝烟 0 0
47 纯洁友善的殇 0 0
48 墨河 0 0
49 魔法少女杜芸松 0 0
50 墨韵轩华 0 0
51 拌饭萌面酥 0 0
52 在下唐言 0 0
53 零拾 0 0
54 神丶陌上微光 0 0
55 曲终无意 0 0
56 山高丶木易 0 0
57 我是小官人 0 0
58 落雨晴天 0 0
59 独孤沐白 0 0
60 骄傲的龙王丶 0 0
61 任离流 0 0
62 老滚 0 0
63 浪迹小秦 0 0
64 浩浩丶浩 0 0
65 苍镜 0 0
66 煌煌 0 0
67 轻素剪云端 0 0
68 沐浠尘 0 0
69 牛奶奶奶奶 0 0
70 空虚公子萧四无 0 0
71 凯 0 0
72 孤鸿芊芊 0 0
73 晓月梦澈 0 0
74 璐小虫 0 0
75 紫舞流年 0 0
76 Yennefer 0 0
77 炖猪肘丶 0 0
78 城南穷鬼赵四 0 0
79 瑾年ゝ 0 0
80 机智勇敢的小猪 0 0
81 墨雨丶晓枫 0 0
82 凡哥的祖父 0 0
83 大叔别跑啊 0 0
84 榕月 0 0
85 神威再见 0 0
86 永恒只为等待 0 0
87 月怜诗涵 0 0
88 陌丶羽殇 0 0
89 时钟轻摇孤独 0 0
90 异逍遥 0 0
91 友善的小内衣 0 0
92 奶小牛丶 0 0
93 凯贼阔里 0 0
94 轻笑忘 0 0
95 树儿高高长 0 0
96 淺笙 0 0
97 雪糕失望 0 0
98 池小猫 0 0
99 椛灯 0 0
100 框框 0 0
101 何月凡 0 0
102 古巷烟雨断桥殇 0 0
103 荡荡 0 0
104 等我出轻语 0 0
105 潇洒仗剑天下 0 0
106 七情剑伶慕容英 0 0
107 奈亻可 0 0
108 狂灬黑 0 0
109 凰荼歌 0 0
110 太极至尊 0 0
111 灬醉丨雲嫣 0 0
112 南宫絮语 0 0
113 帅气无敌康爸爸 0 0
114 其实想玩刀客 0 0
115 毕夏有毓 0 0
116 折扇浪漫 0 0
117 离殇天丶 0 0
118 开封拍卖行 0 0
119 彡电竞丿柯南乄 0 0
