1 折扇浪漫 0 0
2 墨萧炎 0 0
3 明年今日奕十年 0 0
4 青丝枫凌 0 0
5 追风少年鹰老七 0 0
6 七情剑伶慕容英 0 0
7 墨河 0 0
8 煌煌 0 0
9 乌莲娜 0 0
10 剑丶未凉 0 0
11 纯情少妇马芳玲 0 0
12 花儿盛盛开 0 0
13 椛灯 0 0
14 吕小栋 0 0
15 与尔同销萬古愁 0 0
16 女神菲奥娜 0 0
17 儒丶张良 0 0
18 纯洁友善的暮夏 0 0
19 小阿淮呀 0 0
20 墨韵轩华 0 0
21 框框 0 0
22 浪迹小秦 0 0
23 池小猫 0 0
24 雲墨秋 0 0
25 任离流 0 0
26 ＊下水道的白 0 0
27 太极至尊 0 0
28 荡荡 0 0
29 微微醉的葫芦酱 0 0
30 风语风＊ 0 0
31 零拾 0 0
32 空虚公子萧四无 0 0
33 浅浅笑的梅子酱 0 0
34 只想做个好人 0 0
35 再见是否红着脸 0 0
36 水影悠兰 0 0
37 五六柒 0 0
38 夜小喵丨博 0 0
39 独孤沐白 0 0
40 魔法少女杜芸松 0 0
41 拌饭萌面酥 0 0
42 彼眸 0 0
43 古巷烟雨断桥殇 0 0
44 踏马清月夜 0 0
45 白芹 0 0
46 百里轩翊 0 0
47 素蝶 0 0
48 在下唐言 0 0
49 等风与你 0 0
50 花兮兮兮兮 0 0
51 慕容飞羽 0 0
52 冷晓汐丶 0 0
53 东风路三狗蛋 0 0
54 凯贼阔里 0 0
55 异逍遥 0 0
56 芝麻花生馅儿饺 0 0
57 丶天蓝色 0 0
58 爱哭鼻の阿木木 0 0
59 我是天香的啊 0 0
60 何月凡 0 0
61 神威再见 0 0
62 亲爱的未闻花名 0 0
63 山高丶木易 0 0
64 浮生半日 0 0
65 萌萌哒的草莓酱 0 0
66 潇洒仗剑天下 0 0
67 永恒只为等待 0 0
68 倾国不倾城 0 0
69 唐糖～ 0 0
70 凌渃尘 0 0
71 陌路莫回 0 0
72 粉嫩嫩的香蕉酱 0 0
73 薄霭 0 0
74 在下唐银 0 0
75 一抹煙雨落繁華 0 0
76 一直梨花压海棠 0 0
77 荆轲已逝高渐离 0 0
78 SouLmAte、小狼 0 0
79 艾莉亞史塔克 0 0
80 倾舞情儿 0 0
81 池小晚 0 0
82 FateLibra 0 0
83 诸天花雨 0 0
84 那年今若、 0 0
85 雪丶未凝 0 0
86 木易丶凝烟 0 0
87 青羽墨染云 0 0
88 男人应有的自豪 0 0
89 花谢人凋零。 0 0
90 怒怒怒怒火 0 0
91 FateScorpio 0 0
92 曲终无意 0 0
93 洪时雪 0 0
94 青城爱未恋 0 0
