爆棚哥	22	1	0	0	2	0
神楽	5	1	1	0	2	0
一岁笑	42	1	1	0	2	0
明座	37	0	0	0	2	0
✣子目	37	1	1	0	1	0
李清清	5	1	1	0	1	0
归去盼相逢	40	0	0	0	0	0
纯黑	8	1	1	0	1	0
冥利、	19	1	1	0	2	0
软梦儿的x玩具	12	1	1	0	2	0
酒清欢ゞ	27	0	1	0	2	0
い嘿丶槑子づ	18	1	1	0	2	0
一曲断魂思无涯	35	1	1	0	1	0
❀梓胥❀	17	1	1	0	2	0
贤狼赫萝丶	12	1	1	0	1	0
三岁沫	17	1	1	0	2	0
少女心的棺材板	18	1	1	0	0	0
Grm……Rmlg	6	1	1	0	2	0
明狐	41	0	0	0	1	0
南宫萧枫	5	1	1	0	1	0
皮皮雪､	12	1	1	0	0	0
醉人间ゞ	16	0	0	0	2	0
❀白露❀	7	1	1	0	0	0
兔兔不抠脚	6	1	1	0	2	0
千樱丷羽	17	1	1	0	1	0
软梦儿	12	1	1	0	2	0
云琼思	8	1	0	0	0	0
白白泡泡糖	18	0	1	0	2	0
✲✲展少✲✲	38	1	1	0	1	0
鹧鸪秋扇委尘埃	5	0	0	0	0	0
۞四糸乃＊	24	1	1	0	0	0
❀五橙橙❀	23	1	1	0	2	0
ㅉㅉㅉ君瞳〃ㅉ	34	1	1	0	2	0
南清尘	14	1	1	0	2	0
杭九歌	20	1	1	0	2	0
い嘿丶夜华づ	20	1	1	0	0	0
陌默	3	1	1	0	0	0
登徒浪子可奈何	34	0	0	0	1	0
㏑〝悠瑶	6	1	1	0	0	0
蘭裳丶雪宝	6	1	1	0	2	0
剑凌萱	3	0	1	0	1	0
❀芒种❀	5	0	0	0	0	0
花落花无情	9	1	1	0	2	0
张剑锋	5	1	1	0	2	0
凌天一帝	29	1	1	0	1	0
呆愣的太白师兄	0	0	0	0	0	0
❀益力多❀	25	1	1	0	2	0
果味真知棒	12	1	1	0	2	0
五岁果	10	0	0	0	2	0
浅歌ぃ勿忘初心	28	1	1	0	2	0
苏小欢゛	1	0	0	0	1	0
い嘿丶翩翩づ	13	1	1	0	2	0
北葵向暖ゞ	2	0	0	0	0	0
春困的团子	8	0	0	0	2	0
王大奶的唐甜甜	9	1	1	0	2	0
秦少游丶	0	0	0	0	0	0
葬雪	7	1	1	0	2	0
顾亓鸢	3	1	1	0	0	0
霸气的豆沙包	6	1	1	0	0	0
一叶问心	12	1	1	0	2	0
流岚ㄨ樱花祭	6	1	1	0	2	0
刹那雪音	1	0	0	0	0	0
玲娩儿	6	0	1	0	1	0
缘壹	7	1	1	0	2	0
❀蛮狐❀	16	1	1	0	2	0
辞不知丶	4	1	1	0	2	0
南宫霏雪	6	1	1	0	2	0
絮飞无影	9	1	1	0	0	0
风聆丶	6	1	1	0	0	0
卿心夏雨	10	1	1	0	0	0
不眠天下人	4	0	0	0	0	0
止于心っ	3	1	1	0	1	0
傲娇腹黑萝莉酱	5	0	1	0	0	0
晔非仙	6	1	1	0	0	0
加菲猫的猪肉卷	5	1	1	0	2	0
۞白不易＊	8	1	1	0	0	0
北宫剑寒	6	1	1	0	2	0
，ben蛋	7	1	1	0	0	0
嫣语糖之星	17	1	1	0	0	0
扶意寻樱	6	1	1	0	0	0
唐琰	7	1	1	0	0	0
い嘿丶静诀づ	14	1	1	0	0	0
苒落落	7	1	1	0	0	0
帝脩	2	0	0	0	0	0
维挽	6	1	1	0	0	0
冰镇豆腐	5	1	1	0	2	0
天之天威	11	0	0	0	2	0
独去闲人	0	1	1	0	2	0
水月零	6	1	1	0	2	0
余欢喜	6	0	1	0	0	0
谷神七	6	1	1	0	2	0
不夜羽	1	1	1	0	2	0
抒素语OvO．	6	1	1	0	1	0
公子服输	6	1	0	0	0	0
赋清歌OvO．	6	1	0	0	2	0
幽ゞ❤兮慕	6	1	1	0	0	0
一叶怀秋	5	0	0	0	0	0
♡♡唐♡珏♡♡	6	1	1	0	2	0
醉清欢ゞ挽風	5	0	0	0	0	0
一袭黑衣染红尘	5	0	1	0	2	0
看云淡风轻ㅉ	5	1	1	0	0	0
归来颂相思	6	1	1	0	0	0
❀元旦❀	6	0	0	0	0	0
花幽岚	4	0	0	0	0	0
cc一念花开、	7	1	1	0	1	0
奕茴♫	9	1	1	0	0	0
瑾悦、	6	1	1	0	1	0
那树山楂	7	1	1	0	2	0
五毒小妹妹	0	0	0	0	0	0
永恒永远十八岁	0	0	0	0	0	0
帝柒影	0	1	0	0	0	0
阿兰若ゞ	5	0	1	0	0	0
夏雨别夕庭	2	1	1	0	0	0
云天曌	0	0	0	0	0	0
小汤圆儿゛	7	1	1	0	0	0
云折苏	5	0	0	0	2	0
你像场消散的梦	5	1	1	0	0	0
红尘	6	1	1	0	1	0
余长安	0	0	0	0	0	0
糯米团儿゛	5	1	1	0	0	0
夏末い染伤	4	1	1	0	0	0
衫渐青	9	0	0	0	0	0
璃笙清月	7	1	1	0	2	0
❀秋分❀	5	0	0	0	0	0
豆怪你	5	0	1	0	2	0
丿小师姐灬	3	0	0	0	0	0
洛珊	4	1	0	0	2	0
酥酥今天不开心	0	1	1	0	2	0
采蘑菇的小栗子	5	0	0	0	0	0
❀星珏❀	6	1	0	0	2	0
讲真别搞事	9	0	0	0	0	0
仅是灬相逢	6	1	1	0	0	0
❀重阳❀	6	0	0	0	1	0
梦影芊浔	5	1	1	0	0	0
完颜飞双	0	0	0	0	0	0
迷路的沫沫	5	0	0	0	0	0
凉歌青鸢	7	0	1	0	1	0
曲儿′	4	0	1	0	1	0
梦似年少丶	12	0	0	0	2	0
ら绾青丝゛	8	0	1	0	0	0
反正我最咸〃	7	0	0	0	1	0
つ南城忆潇湘ゝ	9	0	0	0	1	0
月落雅雅	0	0	0	0	0	0
陌上芓鸢	0	0	0	0	0	0
璇。	18	0	0	0	2	0
❀微凉ღ	6	0	0	0	2	0
欣小言	8	1	1	0	1	0
寂静枫林	5	0	0	0	1	0
跳跳虎。	0	0	0	0	0	0
穆翎萱	1	0	0	0	0	0
一卿璃心白゜	8	1	1	0	0	0
采栗子的小樱桃	6	0	0	0	0	0
苍青子	5	0	0	0	0	0
殷夜来ㄟ	4	1	1	0	0	0
半之❀	1	0	0	0	0	0
独孤璃殇	6	1	1	0	0	0
絔月	5	0	0	0	0	0
菠萝大口大口	4	1	1	0	0	0
❀微枫ღ	0	0	0	0	0	0
梦若清兮	6	0	1	0	2	0
千侨墨白	0	1	1	0	0	0
西西西西西米酱	6	0	1	0	0	0
梨晞	6	1	1	0	0	0
麻辣小龙虾	0	1	1	0	0	0
梦湿了内内	6	1	1	0	0	0
枯叶劫	6	0	0	0	0	0
在下迦娜	0	0	0	0	0	0
❀处暑❀	4	0	0	0	0	0
莯霖	6	0	0	0	0	0
鬼面七郎	7	0	1	0	2	0
主敎	0	0	0	0	0	0
❀八岁半ღ	10	1	1	0	0	0
❀清明❀	0	0	0	0	1	0
汐瑟ぃ	6	0	1	0	2	0
❀三岁半ღ	17	0	0	0	0	0
雪舞云烟	6	1	1	0	2	0
快使用双节棍戳	0	0	0	0	0	0
哎呀快奶我呀ゞ	5	0	0	0	2	0
且以深情伴余笙	18	0	1	0	2	0
若嫣糖之兮	9	0	0	0	0	0
韩绛雅	20	1	1	0	0	0
小不忍则乱大谋	6	1	1	0	1	0
轻孤	8	0	0	0	0	0
有没有耒莱	0	1	1	0	0	0
墨浮笙ヾ参商	5	0	0	0	2	0
寒夕幽梦	19	1	1	0	0	0
雪诉凡尘。	6	0	0	0	0	0
依梦非梦	4	0	0	0	0	0
花堇色	0	1	1	0	0	0
花清潼	5	1	1	0	0	0
梨花雨落	4	0	0	0	1	0
夜雅-天纵	1	1	1	0	0	0
我可是国宝	5	1	1	0	0	0
狐倾九	4	0	0	0	0	0
神的孩子在抖腿	2	0	1	0	0	0
水花生	6	0	0	0	0	0
六扇門乄追命	3	0	1	0	0	0
我有两只大脚	1	0	0	0	0	0
曾沿着雪路浪游	6	1	1	0	0	0
流年白羽	9	0	0	0	0	0
三生半世	5	0	0	0	1	0
孤独死了	5	1	1	0	0	0
《木子李》	5	0	1	0	0	0
小小白点	1	0	0	0	0	0
来吃我一剑	1	0	0	0	0	0
给心找个位置	6	1	1	0	2	0
祈丨折	13	1	1	0	0	0
爷丶给妞笑个呗	0	1	1	0	0	0
任离流	6	1	1	0	1	0
濹蕓	7	0	0	0	0	0
月隐篱	2	0	0	0	0	0
苏丶打绿	6	0	1	0	0	0
゜半世霓裳゛	6	0	0	0	0	0
小缘猫	3	0	0	0	0	0
九里梨寺	4	0	0	0	0	0
南宫槿儿	5	0	0	0	0	0
源绯白	5	0	0	0	0	0
夏末冬初ゞ	5	1	1	0	0	0
丶飞飞	8	0	0	0	0	0
三桑	6	0	0	0	0	0
❀锦瑟❀	0	0	0	0	0	0
厌黛	1	0	0	0	0	0
神奢华	3	0	0	0	0	0
曾循着繁花飞舞	6	0	1	0	0	0
扶夏	4	0	0	0	0	0
明月心♡	6	0	0	0	0	0
唐珏的小姐姐	6	0	0	0	0	0
烟雨朦胧丶小花	5	0	0	0	0	0
鲨鱼辣椒	6	0	0	0	0	0
七濑薰	6	0	0	0	0	0
似灼叹	0	0	0	0	0	0
风邪☆梦新生	5	0	0	0	0	0
㏑〝瑶的太白狗	6	1	1	0	0	0
拂樱的枫岫主人	0	0	0	0	0	0
墨墨哒。	2	1	1	0	0	0
去吧丶皮皮须	6	0	0	0	0	0
夕梨ぐ	18	0	0	0	0	0
家有萌妹	7	0	0	0	0	0
我可是國寶	4	0	0	0	0	0
流水潺	5	0	0	0	0	0
李菁萝	6	0	0	0	0	0
展小鲸	8	1	1	0	0	0
伞剑情	7	1	1	0	2	0
林妈妈	6	0	0	0	0	0
旋回活杀自在阵	6	0	0	0	0	0
唐小楼゛	13	0	1	0	0	0
凉月白	0	0	0	0	0	0
幽ゞ❤成曦瑾风	5	0	1	0	1	0
珠玑子	3	0	0	0	0	0
晴天ゞ	6	0	0	0	0	0
❤❤❤啵叽	1	0	1	0	0	0
乔玢的宝贝白衣	0	0	1	0	0	0
중挤挤总是有滴	6	1	1	0	0	0
十三余べ小埋	9	0	1	0	0	0
い嘿丶大翩づ	5	1	1	0	0	0
不曾回头	6	1	1	0	0	0
음啾咪음	6	1	1	0	0	0
南屿沐承゛	6	1	1	0	1	0
顾如皎	6	0	0	0	0	0
左耳	5	0	0	0	0	0
金屋不藏娇	6	1	1	0	0	0
叶孤哲	4	0	0	0	0	0
白念菌	8	0	0	0	0	0
雪舞风影	3	0	0	0	0	0
❀五岁半ღ	5	1	1	0	0	0
醉噵	10	0	0	0	0	0
苏木与冰沙	5	0	0	0	1	0
一抹残阳看红尘	6	0	0	0	0	0
玖绊动情	0	0	0	0	0	0
妩惊鸿	5	0	0	0	0	0
感悟无聊	5	0	0	0	0	0
白墨宸ㄟ	2	1	1	0	0	0
萌萌瑶瑶	6	0	0	0	0	0
Juri丶ueno	0	0	0	0	0	0
清风灬花若城	3	1	1	0	0	0
巴蜀萨摩耶	4	0	0	0	0	0
一起抓黄鳝	6	0	0	0	0	0
纳兰明珠	5	0	0	0	0	0
梦忆安涼	3	1	1	0	0	0
小桑酒哦	1	0	0	0	0	0
摸鱼呢	8	0	0	0	0	0
隔壁村的林大娘	6	0	0	0	0	0
❀背酸❀	0	0	0	0	0	0
梦剑天	1	0	0	0	0	0
你眼里有星星♪	5	0	0	0	0	0
雾里看花弦外雨	4	0	0	0	0	0
江离ぅ	0	0	0	0	0	0
二心人。っ	5	0	0	0	0	0
轻云蔽月ぃ	8	0	0	0	0	0
丶你先上我掩护	3	0	0	0	0	0
友善的可可	0	0	0	0	0	0
乡下白菜	4	0	0	0	0	0
悠悠白书丶	0	1	0	0	2	0
溏宇阿ッ	11	0	0	0	0	0
沫雨呢	0	1	1	0	0	0
一蠢绿毛龟	0	0	0	0	0	0
゛沐熙ゞ	3	0	1	0	0	0
窈安	6	0	0	0	0	0
苏幕遮丶祁馨	0	0	0	0	0	0
❀小寒❀	0	0	0	0	0	0
北辰。殛	0	0	1	0	0	0
萧萧晓晓	7	0	0	0	1	0
明月恋我心	3	0	0	0	0	0
墨笔点青丝	3	0	0	0	0	0
忆沧澜	1	0	0	0	0	0
水墨轻烟	3	0	0	0	1	0
天刀值日策划团	0	0	0	0	0	0
扶桑太可爱了゛	0	1	0	0	0	0
❀两岁半ღ	3	0	0	0	0	0
殘念無念	0	0	0	0	0	0
友善的羽儿	0	0	0	0	0	0
可羽	1	0	0	0	0	0
寒衣入画	1	0	0	0	0	0
七哥儿的小萌娃	6	0	0	0	0	0
一生莫醉	3	0	0	0	0	0
皇族丿凌风	3	0	0	0	0	0
임唐임萌임	4	0	0	0	1	0
一梦逢西塘゜	0	1	0	0	0	0
溪语	0	0	0	0	0	0
一冬未清萧゜	5	0	0	0	0	0
颜墨溪	0	0	0	0	0	0
我爱一条柴、	4	0	0	0	0	0
邪丶蠡慯	4	0	0	0	0	0
有关信仰	3	0	0	0	0	0
苏子陌″	4	0	0	0	0	0
万冬凛	3	0	0	0	0	0
阎小罗	1	0	0	0	0	0
天涯第一演员	0	0	0	0	0	0
流风回雪ぃ	3	0	0	0	0	0
わ小溪	3	0	0	0	0	0
凉酒清杯	2	0	0	0	0	0
寒露	0	0	0	0	0	0
梨花心	0	0	0	0	0	0
妞丶给大爷笑个	3	0	0	0	0	0
十里重莲踏雪缨	0	0	0	0	0	0
莫忆夕颜	0	0	0	0	0	0
宿雪	0	0	0	0	0	0
浅吟ぃ半盏流年	2	0	0	0	0	0
珟茗	2	0	0	0	0	0
诗无垠	2	0	0	0	0	0
唐诵	1	0	0	0	0	0
老子多帅一太白	2	0	0	0	0	0
柒染墨瑟	0	0	0	0	0	0
奕秋丶	2	0	0	0	0	0
梧桐知雅意′	1	0	0	0	0	0
慕戚戚	0	0	0	0	0	0
碧琼瑶	1	0	0	0	0	0
西门柿	2	0	0	0	0	0
袖珍的鲸	0	0	0	0	0	0
乔玢	1	0	0	0	0	0
慕容羽	0	0	0	0	0	0
花呦呦	1	0	0	0	0	0
冷墨瑾乾	1	0	0	0	0	0
影墨萧	0	0	0	0	0	0
神气	0	0	0	0	0	0
观星客	0	0	0	0	0	0
白沉剑	0	0	0	0	0	0
剑雨声烦	0	0	0	0	0	0
岑經沧海難為水	0	0	0	0	0	0
飞光倦饮一杯酒	1	0	0	0	0	0
＊＇稚毒毒′＊	0	0	0	0	0	0
藍澜	0	0	0	0	0	0
蛋包饭加辣	0	0	0	0	0	0
卢茶彪	0	0	0	0	0	0
冰七	1	0	0	0	0	0
晓夜歌	0	0	0	0	0	0
凤爪是我的	0	0	0	0	0	0
一坨啾啾	0	0	0	0	0	0
雨落倾峸	0	0	0	0	0	0
段君临	0	0	0	0	0	0
再买就剁手	0	0	0	0	0	0
玥卿	0	0	0	0	0	0
白檀素辞画	1	0	0	0	0	0
Ｕmbrella	0	0	0	0	0	0
画微蓉	0	0	0	0	0	0
沫轻舞	0	0	0	0	0	0
青木幻域	0	0	0	0	0	0
情剑浪子	0	0	0	0	0	0
抱月ゝ	0	0	0	0	0	0
逍遥新成	0	0	0	0	0	0
大魔王丶无缺	0	0	0	0	0	0
若欣雪儿	0	0	0	0	0	0
凝惜月	0	0	0	0	0	0
離貓	0	0	0	0	0	0
七阕	0	0	0	0	0	0
笑靥如花九弦濯	0	0	0	0	0	0
久沅	0	0	0	0	0	0
惊风ゝ	0	0	0	0	0	0
醉酒戏红颜丶	0	0	0	0	0	0
゜一曲离殇゛	0	0	0	0	0	0
前沉。	0	0	0	0	0	0
花倾洛	0	0	0	0	0	0
东到海	0	0	0	0	0	0
白玲子	0	0	0	0	0	0
慕鲤	0	0	0	0	0	0
香菜大口大口	0	0	0	0	0	0
天〆熊熊ゞ涯	0	0	0	0	0	0
莫蓉雨	0	0	0	0	0	0
零落桐叶雨。	0	0	0	0	0	0
柳月夜	0	0	0	0	0	0
剑指江山葬红尘	0	0	0	0	0	0
蓝霂霖	0	0	0	0	0	0
雨中客	0	0	0	0	0	0
讨怜	0	0	0	0	0	0
连辞幽	0	0	0	0	0	0
旧城忆梦	0	0	0	0	0	0
柳叶成	0	0	0	0	0	0
闻虞	0	0	0	0	0	0
刀笨少女	0	0	0	0	0	0
丿灬无虑〃	0	0	0	0	0	0
姬乌秋	0	0	0	0	0	0
后卿将臣	0	0	0	0	0	0
鹭歌	0	0	0	0	0	0
颜丝萝	0	0	0	0	0	0
药陌庭	0	0	0	0	0	0
杨枝	0	0	0	0	0	0
珊筱	0	0	0	0	0	0
奔放的荔枝	0	0	0	0	0	0
药莫庭	0	0	0	0	0	0
西门炒饭烧	0	0	0	0	0	0
葛琅尘	0	0	0	0	0	0
찾은半阙诗词단	0	0	0	0	0	0
我是sniper	0	0	0	0	0	0
九歌ゝ	0	0	0	0	0	0
ㄨ羽沐ㄟ	0	0	0	0	0	0
神勇铁金刚	0	0	0	0	0	0
尘埃之末	0	0	0	0	0	0
云中鹤丷子凡	0	0	0	0	0	0
唐三岁	0	0	0	0	0	0
南山吟月	0	0	0	0	0	0
吾欲与君相知。	0	0	0	0	0	0
ting丶那年初見	0	0	0	0	0	0
尼哲上天了	0	0	0	0	0	0
墨浅ゝ	0	0	0	0	0	0
