1 方得始終 1 3
2 梦觞丶 1 3
3 友善的白菜棒子 2 2
4 守护锋 2 2
5 青丝枫凌 1 1
6 机智勇敢的小猪 1 1
7 墨韵轩华 1 1
8 魔法少女杜芸松 1 1
9 蚩尤魔人 1 1
10 古巷烟雨断桥殇 1 1
11 浪迹小秦 1 1
12 煌煌 1 1
13 机智勇敢的小炮 1 1
14 折扇浪漫 1 1
15 潇洒仗剑天下 1 1
16 墨雨丶晓枫 1 1
17 机智勇敢的小兔 1 1
18 小阿淮呀 1 1
19 离殇天丶 1 1
20 开封拍卖行 1 1
21 太极至尊 1 1
22 晓月梦澈 1 1
23 一直梨花压海棠 1 1
24 ParTing丶R 1 1
25 独孤沐白 1 1
26 格殺 1 1
27 花谢人凋零。 1 1
28 时钟轻摇孤独 1 1
29 万心忧 1 1
30 再见是否红着脸 1 1
31 邱少 1 1
32 曲终无意 1 1
33 青羽墨染云 1 1
34 鱼小小 0 0
35 花儿盛盛开 0 0
36 摩诃大梵天 0 0
37 我是小官人 0 0
38 花兮兮兮兮 0 0
39 甄心 0 0
40 苍镜 0 0
41 诸天花雨 0 0
42 池小晚 0 0
43 手中玫瑰赠予谁 0 0
44 等风与你 0 0
45 零拾 0 0
46 在下唐言 0 0
47 吕小栋 0 0
48 木易丶凝烟 0 0
49 一级神兵谱 0 0
50 拌饭萌面酥 0 0
51 蝶舞旧梦 0 0
52 一息衍一 0 0
53 凯 0 0
54 何月凡 0 0
55 凯贼阔里 0 0
56 在下唐银 0 0
57 唐舞桐灬 0 0
58 乌莲娜 0 0
59 紫雨幽雲 0 0
60 我是天香的啊 0 0
61 墨萧炎 0 0
62 成溪 0 0
63 山高丶木易 0 0
64 慕容靉 0 0
65 夢觴丶 0 0
66 五六柒 0 0
67 一人一枪闯九州 0 0
68 墨舞丶倾城 0 0
69 江人何年初见月 0 0
70 那年今若、 0 0
71 空虚公子萧四无 0 0
72 九袋丐 0 0
73 城南穷鬼赵四 0 0
74 儒丶张良 0 0
75 纯洁友善的暮夏 0 0
76 丿几度度丶 0 0
77 池小猫 0 0
78 异逍遥 0 0
79 月怜诗涵 0 0
80 一抹煙雨落繁華 0 0
81 这下可好啦 0 0
82 眉间一点白 0 0
83 友善的小内衣 0 0
84 永恒只为等待 0 0
85 踏马清月夜 0 0
86 奶小牛丶 0 0
87 小萌耍太白丶 0 0
88 神威再见 0 0
89 榕月 0 0
90 流浪的小花狼 0 0
91 蘃 0 0
92 东风路三狗蛋 0 0
93 挽瓷 0 0
94 座下吹箫小童子 0 0
95 放肆流逝的年华 0 0
96 倾舞情儿 0 0
97 爱哭鼻の阿木木 0 0
98 洪时雪 0 0
99 帝喾 0 0
100 紫舞流年 0 0
101 格七 0 0
102 帅气无敌康爸爸 0 0
103 炖猪肘丶 0 0
104 Yennefer 0 0
105 亲爱的未闻花名 0 0
106 浩浩丶浩 0 0
107 沐名 0 0
108 青城爱未恋 0 0
109 晚下 0 0
110 友善的大夫 0 0
111 只会躺不输出丶 0 0
