1 紫雨幽雲 648 690
2 張君雅。 516 532
3 魔法少女杜芸松 458 512
4 零拾 466 498
5 甄心 469 487
6 尐浣熊。 421 479
7 只想做个好人 421 469
8 机智勇敢的小明 401 469
9 俱利摩 443 465
10 Mn丶猫猫君 446 464
11 花谢人凋零。 404 444
12 薄霭 404 430
13 酒倾轻竹影 398 428
14 这下可好啦 399 421
15 小阿淮呀 377 417
16 那年今若、 367 405
17 巴蜀萨摩耶 362 398
18 墨萧炎 356 394
19 月下魂兮 376 392
20 Angelミ墨娘彡 345 383
21 年瑾倾城玉蝴蝶 368 380
22 墨韵轩华 362 374
23 沐浠尘 353 369
24 空虚公子萧四无 334 368
25 异逍遥 342 366
26 √蓝莓巧克力丶 360 362
27 与尔同销萬古愁 334 358
28 芍药児 354 358
29 冷霜刃 356 356
30 百里轩翊 326 354
31 淺笙 327 353
32 明年今日奕十年 342 352
33 叶菡 341 351
34 丶初馨 349 349
35 白易轩 327 349
36 梦觞丶 339 349
37 太子彬 325 349
38 纯洁友善的暮夏 337 349
39 除了帅还有酷 346 346
40 迷茫中徘徊 338 340
41 洪时雪 313 337
42 折扇浪漫 295 337
43 那年红颜 336 336
44 神威再见 279 317
45 晓月梦澈 314 316
46 鱼香 279 313
47 迟歌 313 313
48 我是天香的啊 301 305
49 墨河 268 304
50 潇洒仗剑天下 273 299
51 浪迹小秦 275 299
52 い楓ゞ妖い 293 297
53 在下唐银 267 297
54 守护锋 252 296
55 执劍小书生 276 292
56 余子乔丶 290 292
57 在下唐言 282 292
58 其实想玩刀客 266 290
59 kingdan 265 285
60 叶天簌 280 282
61 友善的咸鱼白 276 280
62 拾勾枯爬尖 267 277
63 鱼小小 260 270
64 沐伯乾 255 267
65 八块腹肌小官人 251 261
66 浪琴 255 261
67 曲终无意 233 259
68 顾寻清 253 259
69 夜白衣 241 259
70 此情珂待 251 257
71 等我出轻语 244 254
72 太极至尊 207 251
73 楪夢 242 250
74 大眼睛秋秋 244 250
75 冷晓汐丶 228 246
76 FateScorpio 239 243
77 毅生有妮丶 240 242
78 GoldㅈExperie 228 242
79 再见是否红着脸 217 235
80 奥利奥。巧轻脆 235 235
81 夜冥雪 217 233
82 凯贼阔里 210 226
83 天下芒果 209 225
84 东风路三狗蛋 214 222
85 超人不会飞〃 202 222
86 青丝枫凌 215 219
87 笑看浮华红尘事 214 216
88 木易丶凝烟 212 212
89 五六柒 184 202
90 秦川吉娃娃 166 196
91 帅气无敌康爸爸 180 196
92 暮雪醉逍遥 182 182
93 口味太怪 176 178
94 淡若清风過丶 176 178
95 关翔予 164 178
96 汪映雪 170 170
97 ޓ一梦换须臾 157 161
98 艾莉亞史塔克 152 160
99 仅是一抹渣渣茶 153 155
100 水影悠兰 154 154
101 煌煌 119 147
102 语丶殇 145 145
103 丐帮萌主 130 138
104 丶忍野咩咩 133 137
105 FateLibra 110 132
106 吾寄愁心与明月 123 123
107 何月凡 114 116
108 青骢绝骑塑天荒 97 107
109 时钟轻摇孤独 89 103
110 青城爱未恋 94 102
111 榕月 94 94
112 丶公子影 39 41
113 丐帮汪剑通 27 27
114 张灵风 24 26
115 时光不矜持 25 25
116 薛无衡 12 12
117 逸仙丶王爷 11 11
118 蝶舞旧梦 1 1
119 踏马清月夜 0 0
120 奶小牛丶 0 0
