1 其实想玩刀客 1 3
2 框框 1 1
3 严秋月 1 1
4 煌煌 0 0
5 太极至尊 0 0
6 南宫灼影 0 0
7 与尔同销萬古愁 0 0
8 蘃 0 0
9 浪迹小秦 0 0
10 青丝枫凌 0 0
11 纯洁友善的暮夏 0 0
12 秋叶微寒 0 0
13 除了帅还有酷 0 0
14 慕落弦 0 0
15 迟歌 0 0
16 吕小栋 0 0
17 墨韵轩华 0 0
18 喝脉动割动脉 0 0
19 企及 0 0
20 套套嗷呜 0 0
21 空虚公子萧四无 0 0
22 FateLibra 0 0
23 那年今若、 0 0
24 太子彬 0 0
25 仙Girl雪飞霜 0 0
26 鱼小小 0 0
27 花谢人凋零。 0 0
28 暮雪醉逍遥 0 0
29 泪忆寒、 0 0
30 梓珏 0 0
31 凤栖梧桐叶 0 0
32 酒倾轻竹影 0 0
33 关翔予 0 0
34 惜玉挽轻裳 0 0
35 口味太怪 0 0
36 浪琴 0 0
37 紫雨幽雲 0 0
38 那年红颜 0 0
39 东越雪纳瑞 0 0
40 只想做个好人 0 0
41 此情珂待 0 0
42 在下唐言 0 0
43 晚下 0 0
44 巴蜀萨摩耶 0 0
45 冷霜刃 0 0
46 姬如影 0 0
47 FateScorpio 0 0
48 俱利摩 0 0
49 √蓝莓巧克力丶 0 0
50 迷茫中徘徊 0 0
51 魔法少女杜芸松 0 0
52 夜冥雪 0 0
53 秦川吉娃娃 0 0
54 楪夢 0 0
55 墨河 0 0
56 男人应有的自豪 0 0
57 逸仙丶王爷 0 0
58 拾勾枯爬尖 0 0
59 百里轩翊 0 0
60 荆湖丶骚猪达 0 0
61 荡荡 0 0
62 晓月梦澈 0 0
63 い楓ゞ妖い 0 0
64 伊贰叁 0 0
65 东风路三狗蛋 0 0
66 七情剑伶慕容英 0 0
67 梨花黛雨 0 0
68 八块腹肌小官人 0 0
69 何月凡 0 0
70 冷晓汐丶 0 0
71 执劍小书生 0 0
72 丶天蓝色 0 0
73 花兮兮兮兮 0 0
74 淺笙 0 0
75 凯贼阔里 0 0
76 青骢绝骑塑天荒 0 0
77 潇洒仗剑天下 0 0
78 南宫絮语 0 0
79 白兰鸽巡游记 0 0
80 沐浠尘 0 0
81 凛柒っ 0 0
82 丶伴我几度 0 0
83 仁剑震音扬 0 0
84 神威再见 0 0
85 大光明里凤凰现 0 0
86 明年今日奕十年 0 0
87 唐糖～ 0 0
88 踏马清月夜 0 0
89 大眼睛秋秋 0 0
90 茴香。 0 0
91 年瑾倾城玉蝴蝶 0 0
92 神奇宝贝妮小白 0 0
93 东风路四蛋 0 0
94 秋末黑白 0 0
95 余子乔丶 0 0
96 鱼香 0 0
97 北城初夏 0 0
98 洪时雪 0 0
99 阴萤儿 0 0
100 蝶舞旧梦 0 0
101 在下唐银 0 0
102 ޓ一梦换须臾 0 0
103 艾莉亞史塔克 0 0
104 SouLmAte、小狼 0 0
105 古巷烟雨断桥殇 0 0
106 哒哒滴滴 0 0
107 叶枫刃 0 0
108 友善的小鱼 0 0
109 倾舞情儿 0 0
110 一个有内涵的人 0 0
111 橙橙喵呜 0 0
112 苏幕清 0 0
113 曲终无意 0 0
114 苏洛伊 0 0
115 南眸 0 0
116 水影悠兰 0 0
117 kingdan 0 0
118 汪映雪 0 0
119 友善的大胸奶妈 0 0
120 守护锋 0 0