1 框框 1354 1414
2 紫雨幽雲 1270 1332
3 茴香。 1136 1150
4 奥利奥。巧轻脆 1118 1122
5 Mn丶猫猫君 1096 1096
6 拾勾枯爬尖 1063 1085
7 花谢人凋零。 1045 1085
8 执劍小书生 983 1073
9 太极至尊 924 1022
10 除了帅还有酷 1009 1021
11 太子彬 951 1021
12 尐浣熊。 919 1015
13 年瑾倾城玉蝴蝶 922 996
14 張君雅。 950 994
15 煌煌 869 979
16 异逍遥 906 972
17 五六柒 915 971
18 白析 912 964
19 机智勇敢的小明 853 955
20 等我出轻语 919 951
21 荡荡 856 946
22 芍药児 915 945
23 楪夢 907 929
24 叶菡 909 921
25 阴萤儿 884 898
26 夜冥雪 861 893
27 折扇浪漫 858 886
28 晓月梦澈 882 882
29 迷茫中徘徊 878 880
30 鱼小小 777 877
31 月下魂兮 815 873
32 洪时雪 819 871
33 在下唐银 825 869
34 俱利摩 797 863
35 陈凌风 842 856
36 明年今日奕十年 812 854
37 北城初夏 818 852
38 荆湖丶骚猪达 830 852
39 墨河 828 850
40 冷晓汐丶 784 846
41 椛灯 823 831
42 南宫絮语 809 827
43 叶枫刃 815 823
44 蛋蛋疍 801 821
45 花兮兮兮兮 756 812
46 潇洒仗剑天下 777 809
47 艾莉亞史塔克 766 804
48 再见是否红着脸 755 801
49 FateLibra 755 791
50 FateScorpio 746 786
51 沐伯乾 751 783
52 鱼香 719 783
53 余子乔丶 745 783
54 墨韵轩华 714 772
55 水影悠兰 739 771
56 泪忆寒、 752 770
57 暮雪醉逍遥 747 769
58 伊贰叁 738 768
59 超人不会飞〃 726 764
60 口味太怪 738 764
61 凋零之光 738 764
62 曲终无意 719 763
63 在下唐言 695 755
64 此情珂待 714 752
65 丶伴我几度 704 746
66 守护锋 629 745
67 凛柒っ 737 741
68 破烂刀客 706 718
69 萧劲城 697 717
70 刀之芳华 702 708
71 墨炽 650 702
72 浪琴 678 690
73 神威小枪将 658 676
74 甄心 603 661
75 丿流年灬Cc 655 659
76 大眼睛秋秋 651 651
77 青丝枫凌 602 638
78 橙橙喵呜 617 631
79 百里轩翊 570 608
80 晚下 561 577
81 其实想玩刀客 568 574
82 淺笙 559 571
83 凯贼阔里 562 564
84 柠檬雪碧、 514 554
85 男人应有的自豪 511 553
86 吾寄愁心与明月 537 547
87 咸鱼天香 466 544
88 木易丶凝烟 532 536
89 欧阳丶紫薰 521 535
90 墨萧炎 487 535
91 梓珏 517 529
92 小阿淮呀 484 526
93 与尔同销萬古愁 479 523
94 秋末黑白 513 521
95 企及 512 514
96 盖世呆头洋 466 512
97 √蓝莓巧克力丶 508 508
98 欧阳丶少恭 491 495
99 SouLmAte、小狼 471 483
100 东风路三狗蛋 443 467
101 苍镜 438 462
102 蘃 419 429
103 苏幕清 403 413
104 冬瓜小荞 378 388
105 夜白衣 387 387
106 那年今若、 377 383
107 神奇宝贝妮小白 361 365
108 青骢绝骑塑天荒 307 323
109 套套嗷呜 300 300
110 晓晨晨晨 241 269
111 零拾 252 256
112 丶七七七七夜 243 243
113 丐帮汪剑通 235 235
114 梦觞丶 121 133
115 濯清莲而不妖 7 7
116 友善的小鱼 3 3
117 絮絮叨叨的刀 0 0
118 蝶舞旧梦 0 0
119 踏马清月夜 0 0
120 浪迹小秦 0 0