1 策划∶ 6 18
2 只会躺不输出丶 1 1
3 烧酒仙 0 0
4 鱼小小 0 0
5 独孤沐白 0 0
6 墨舞丶千芊 0 0
7 池小晚 0 0
8 山高丶木易 0 0
9 唐舞桐灬 0 0
10 墨雨丶晓枫 0 0
11 怒怒怒怒火 0 0
12 等风与你 0 0
13 SouLmAte、小狼 0 0
14 一直梨花压海棠 0 0
15 夢觴丶 0 0
16 洪时雪 0 0
17 沐浠尘 0 0
18 蝶舞旧梦 0 0
19 艾莉亞史塔克 0 0
20 木易丶凝烟 0 0
21 诸天花雨 0 0
22 在下唐银 0 0
23 墨萧炎 0 0
24 丶初馨 0 0
25 紫雨幽雲 0 0
26 古巷烟雨断桥殇 0 0
27 紫舞流年 0 0
28 再见是否红着脸 0 0
29 追风少年鹰老七 0 0
30 在下唐言 0 0
31 零拾 0 0
32 蚩尤魔人 0 0
33 九袋丐 0 0
34 百里轩翊 0 0
35 乌莲娜 0 0
36 拌饭萌面酥 0 0
37 灬醉丨雲嫣 0 0
38 煌煌 0 0
39 浪迹小秦 0 0
40 可爱琳 0 0
41 树儿高高长 0 0
42 墨河 0 0
43 那年红颜 0 0
44 任离流 0 0
45 丐帮萌主 0 0
46 魔法少女杜芸松 0 0
47 一息衍一 0 0
48 一个有内涵的人 0 0
49 爱哭鼻の阿木木 0 0
50 守护锋 0 0
51 花谢人凋零。 0 0
52 一人一枪闯九州 0 0
53 曲终无意 0 0
54 墨舞丶倾城 0 0
55 机智勇敢的小月 0 0
56 异逍遥 0 0
57 奶小牛丶 0 0
58 五六柒 0 0
59 牛奶奶奶奶 0 0
60 女神菲奥娜 0 0
61 凯 0 0
62 晓月梦澈 0 0
63 儒丶张良 0 0
64 东瀛浪人展梦魂 0 0
65 江左ゝ旧忆 0 0
66 丶天蓝色 0 0
67 青羽墨染云 0 0
68 凌渃尘 0 0
69 倾国不倾城 0 0
70 踏马清月夜 0 0
71 一抹煙雨落繁華 0 0
72 眉间一点白 0 0
73 月怜诗涵 0 0
74 轻笑忘 0 0
75 神威再见 0 0
76 花兮兮兮兮 0 0
77 榕月 0 0
78 伊贰叁 0 0
79 时钟轻摇孤独 0 0
80 墨韵轩华 0 0
81 与尔同销萬古愁 0 0
82 南宫絮语 0 0
83 亲爱的未闻花名 0 0
84 折扇浪漫 0 0
85 其实想玩刀客 0 0
86 毕夏有毓 0 0
87 意邪 0 0
88 小阿鏡 0 0
89 叶菡 0 0
90 潇洒仗剑天下 0 0
91 东风路三狗蛋 0 0
92 慕容飞羽 0 0
93 娇软の小屁股 0 0
94 青城爱未恋 0 0
95 太极至尊 0 0
96 无言上青楼 0 0
97 纯情少妇马芳玲 0 0
98 青丝枫凌 0 0
99 池小猫 0 0
100 梦觞丶 0 0
101 沐名 0 0
102 浩浩丶浩 0 0
103 机智勇敢的小炮 0 0
104 潇湘灬墨染 0 0
