1 拌蠢蠢 1714 1762
2 紫雨幽雲 1583 1663
3 如殇如暮歌ゎ 1260 1414
4 倔强的小屁股 1293 1407
5 冷清语 1001 1331
6 冷晓汐丶 1246 1296
7 零拾 1111 1201
8 a逼c迪e诶扶鸡 916 1152
9 尛尛唐猫咪 946 1074
10 凌渃尘 919 997
11 魔仙堡小公举 904 988
12 FateScorpio 941 971
13 与尔同销萬古愁 898 966
14 伊贰叁 948 954
15 魔法少女杜芸松 865 949
16 俱利摩 822 912
17 墨河 732 892
18 空虚公子萧四无 783 873
19 怒怒怒怒火 817 865
20 鱼香 765 863
21 除了帅还有酷 852 862
22 百里轩翊 742 848
23 墨韵轩华 770 834
24 树儿高高长 744 820
25 潇洒仗剑天下 735 809
26 折扇浪漫 720 786
27 墨炽 648 776
28 Mn丶猫猫君 697 763
29 如酒如清歌ゎ 663 751
30 午时已到小叨叨 597 739
31 晓月梦澈 737 737
32 如酒如笙歌ゎ 694 732
33 煌煌 555 719
34 等我出轻语 661 693
35 小阿淮呀 589 689
36 徐婧懿 646 684
37 神锤开山大梵天 594 668
38 云海小明 622 640
39 在下唐言 537 625
40 FateLibra 578 622
41 浪迹小秦 528 620
42 秋末黑白 579 599
43 迟歌 584 594
44 只想做个好人 532 594
45 淺笙 553 589
46 荆轲已逝高渐离 565 581
47 此情珂待 552 558
48 冬眠的团子 537 555
49 奶小牛丶 533 553
50 任离流 464 534
51 酒倾轻竹影 470 532
52 沐浠尘 439 521
53 倾舞情儿 507 511
54 余子乔丶 468 510
55 太极至尊 368 504
56 凛柒っ 490 494
57 执劍小书生 353 483
58 墨萧炎 404 474
59 如狂如啸歌ゎ 468 472
60 些许 423 467
61 东风路三狗蛋 400 460
62 陌路莫回 383 447
63 ＂清歌若月＊ 379 441
64 萧劲城 416 440
65 离渊不破笑道人 343 439
66 黑泽丶纱重 334 432
67 口味太怪 398 412
68 一个有内涵的人 402 410
69 青骢绝骑塑天荒 365 407
70 ￣放空 377 393
71 时光不矜持 383 389
72 阴萤儿 360 378
73 大眼睛秋秋 344 372
74 曲终无意 306 372
75 月牙冲天 358 366
76 半日丶浮生 334 336
77 丐帮汪剑通 307 323
78 天语灬幻影 279 315
79 水影悠兰 277 315
80 剑惜玉 302 302
81 何月凡 255 271
82 唐舞桐灬 211 255
83 艾莉亞史塔克 248 248
84 素以折扇 232 238
85 跟寂寞再和好丶 227 233
86 襄州牛头梗 190 194
87 白马落叶总相依 121 173
88 苍镜 143 163
89 花落时节与君别 120 120
90 丿慕容晚枫 103 103
91 太子彬 82 94
92 薛无衡 68 90
93 百里蕾姆 79 79
94 辛晗 25 29
95 万生剑 25 27
96 花炮炮炮炮 24 26
97 汪映雪 16 16
98 紫舞流年 9 11
99 牛奶奶奶奶 0 0
100 〃北梦木兮 0 0
101 青城爱未恋 0 0
102 小心有诈哦 0 0
103 丨梦里寻她丶丨 0 0
104 伴之则暖。 0 0
105 佚名。 0 0
