1 那年今若、 37 55
2 紫雨幽雲 40 48
3 机智勇敢的小猪 16 40
4 再见是否红着脸 20 38
5 在下唐银 26 34
6 意邪 28 32
7 洪时雪 18 32
8 纯洁友善的暮夏 28 30
9 任离流 23 29
10 煌煌 17 29
11 紫舞流年 26 28
12 烧酒仙 10 28
13 鱼小小 25 27
14 青城爱未恋 22 26
15 毕夏有毓 11 25
16 天真无邪大胡子 20 24
17 墨韵轩华 14 24
18 墨河 17 23
19 城南穷鬼赵四 11 23
20 小阿鏡 18 22
21 轻素剪云端 19 21
22 太极至尊 14 20
23 青骢绝骑塑天荒 12 20
24 开封拍卖行 16 20
25 爱哭鼻の阿木木 12 20
26 灬醉丨雲嫣 16 20
27 一人一枪闯九州 3 19
28 格殺 17 19
29 丿几度度丶 14 18
30 怒怒怒怒火 13 17
31 曲终无意 15 17
32 梦觞丶 14 16
33 南宫絮语 10 16
34 花谢人凋零。 14 16
35 东风路三狗蛋 14 16
36 娇软の小屁股 4 16
37 花兮兮兮兮 9 15
38 池小猫 13 13
39 只会躺不输出丶 13 13
40 放肆流逝的年华 13 13
41 牛奶奶奶奶 12 12
42 墨萧炎 5 11
43 青衫逝 5 11
44 等我出轻语 9 11
45 冷晓汐丶 10 10
46 潇洒仗剑天下 9 9
47 椛灯 9 9
48 小阿淮呀 9 9
49 机智勇敢的小炮 7 9
50 丶初馨 9 9
51 墨舞丶倾城 8 8
52 方得始終 6 8
53 唐舞桐灬 6 8
54 折扇浪漫 6 8
55 异逍遥 6 8
56 甄心 8 8
57 帅气无敌康爸爸 5 7
58 友善的小内衣 3 7
59 小萌耍太白丶 7 7
60 邱少 4 6
61 等风与你 6 6
62 浪迹小秦 6 6
63 倾舞情儿 6 6
64 绫月薇 4 6
65 我是小官人 6 6
66 诸天花雨 5 5
67 其实想玩刀客 3 5
68 蚩尤魔人 5 5
69 零拾 3 5
70 空虚公子萧四无 5 5
71 那年红颜 5 5
72 成溪 3 5
73 蝶舞旧梦 2 4
74 艾莉亞史塔克 3 3
75 叶菡 3 3
76 丐帮萌主 3 3
77 慕容靉 3 3
78 树儿高高长 1 3
79 儒丶张良 2 2
80 一直梨花压海棠 1 1
81 晓月梦澈 1 1
82 梦中、有你 1 1
83 乌莲娜 0 0
84 独孤沐白 0 0
85 晚下 0 0
86 沐名 0 0
87 魔法少女杜芸松 0 0
88 古巷烟雨断桥殇 0 0
89 妄于 0 0
90 风暖伤 0 0
91 月华司 0 0
92 我是天香的啊 0 0
93 挽瓷 0 0
94 吕小栋 0 0
95 万心忧 0 0
96 轻笑忘 0 0
97 凯 0 0
98 五六柒 0 0
99 楪夢 0 0
100 凯贼阔里 0 0
101 榕月 0 0
102 月怜诗涵 0 0
103 神威再见 0 0
104 一抹煙雨落繁華 0 0
105 踏马清月夜 0 0
106 凌渃尘 0 0
107 沐浠尘 0 0
108 青丝枫凌 0 0
109 炖猪肘丶 0 0
110 夢觴丶 0 0
111 流浪的小花狼 0 0
112 摩诃大梵天 0 0
113 池小晚 0 0
114 纯情少妇马芳玲 0 0
115 一丿登 0 0
116 他们不让玩神威 0 0
117 云醉月微寒 0 0
118 亲爱的未闻花名 0 0
119 友善的大夫 0 0
120 Tusy 0 0
