1 紫雨幽雲 691 733
2 花谢人凋零。 473 571
3 诸天花雨 509 563
4 白芹 539 553
5 Mn丶猫猫君 495 509
6 神威再见 431 491
7 芍药児 472 476
8 零拾 429 473
9 除了帅还有酷 460 464
10 張君雅。 425 463
11 奶小牛丶 446 462
12 尐浣熊。 389 459
13 魔法少女杜芸松 429 455
14 百里轩翊 408 452
15 这下可好啦 391 447
16 折扇浪漫 347 433
17 浪迹小秦 350 426
18 怒怒怒怒火 388 420
19 凯贼阔里 385 415
20 只想做个好人 339 411
21 浅歌丶濢曦轻衣 405 407
22 永恒永远十八岁 371 405
23 守护锋 340 398
24 梦觞丶 380 392
25 在下唐言 378 388
26 小阿淮呀 355 385
27 墨河 345 385
28 拾勾枯爬尖 377 383
29 机智勇敢的小明 325 379
30 与尔同销萬古愁 347 377
31 唐糖～ 350 370
32 在下唐银 325 369
33 叶菡 347 369
34 清弦 343 369
35 汪映雪 355 361
36 此情珂待 356 358
37 墨萧炎 281 353
38 南宫絮语 347 353
39 潇洒仗剑天下 330 350
40 烂心 340 350
41 空虚公子萧四无 324 346
42 墨韵轩华 323 345
43 鱼香 301 343
44 余子乔丶 311 331
45 白析 309 323
46 √蓝莓巧克力丶 320 322
47 东瀛浪人展梦魂 267 319
48 笑看浮华红尘事 318 318
49 其实想玩刀客 275 309
50 青羽墨染云 277 307
51 吾寄愁心与明月 298 306
52 丶神楽 299 305
53 苍镜 257 305
54 安好晴天 300 304
55 任离流 274 302
56 洪时雪 279 295
57 放肆流逝的年华 277 295
58 月下魂兮 267 293
59 薄霭 287 293
60 夜白衣 275 293
61 曲终无意 267 291
62 晓月梦澈 290 290
63 伊贰叁 286 290
64 ޓ一梦换须臾 267 287
65 超人不会飞〃 268 284
66 沐伯乾 250 280
67 二狗娃 261 279
68 淺笙 256 274
69 太子彬 247 271
70 迟歌 270 270
71 薛无衡 250 268
72 飞舞的菊花 267 267
73 一人一枪闯九州 261 265
74 い楓ゞ妖い 250 264
75 八块腹肌小官人 250 262
76 丶忍野咩咩 223 253
77 明年今日奕十年 232 250
78 花兮兮兮兮 184 248
79 冷晓汐丶 239 247
80 迷茫中徘徊 241 245
81 素蝶 244 244
82 木易丶凝烟 240 242
83 沐浠尘 198 236
84 山高丶木易 219 235
85 太极至尊 189 231
86 跑调的张学友 218 230
87 水影悠兰 220 228
88 陈凌风 217 227
89 口味太怪 218 224
90 仁剑震音扬 216 224
91 暮雪醉逍遥 215 219
92 倾舞情儿 218 218
93 吕小栋 206 212
94 白易轩 170 208
95 树儿高高长 180 196
96 孤傲凡尘 196 196
97 青丝枫凌 172 190
98 顾寻清 182 182
99 仅是一抹渣渣茶 177 177
100 我是天香的啊 171 173
101 友善的咸鱼白 172 172
102 SouLmAte、小狼 149 165
103 年瑾倾城玉蝴蝶 151 163
104 丐帮萌主 144 158
105 巡山的人 142 150
106 等我出轻语 145 149
107 大眼睛秋秋 116 134
108 何月凡 131 131
109 青骢绝骑塑天荒 120 130
110 齿虎 120 122
111 浪琴 103 109
112 那年今若、 57 81
113 逸仙丶王爷 65 67
114 艾莉亞史塔克 37 43
115 淡若清风過丶 31 33
116 舞水 31 31
117 东风路三狗蛋 17 23
118 再见是否红着脸 0 0
119 踏马清月夜 0 0
120 蝶舞旧梦 0 0