1 东风路三狗蛋 16 42
2 诸葛肾亏 16 16
3 冷晓汐丶 9 15
4 潇洒仗剑天下 3 3
5 那年红颜 1 1
6 飘渺磊 1 1
7 怒怒怒怒火 0 0
8 云九之 0 0
9 机智勇敢的小珞 0 0
10 墨雨丶晓枫 0 0
11 一抹煙雨落繁華 0 0
12 我是小官人 1 0
13 山高丶木易 0 0
14 再见是否红着脸 0 0
15 机智勇敢的小鸡 0 0
16 叁岁丶 0 0
17 毕夏有毓 0 0
18 灬醉丨雲嫣 0 0
19 磊桶顺刘等的爸 0 0
20 洪时雪 0 0
21 鱼香 0 0
22 甄心 0 0
23 一直梨花压海棠 0 0
24 异逍遥 0 0
25 诸天花雨 0 0
26 拌饭萌面酥 0 0
27 我是恺子爸 0 0
28 董锋 0 0
29 艾莉亞史塔克 0 0
30 二瞳 0 0
31 墨萧炎 0 0
32 紫雨幽雲 0 0
33 幻之凝雪 0 0
34 等风与你 0 0
35 慕容北 0 0
36 百里轩翊 0 0
37 香扒饭 0 0
38 董汉卿 0 0
39 彡电竞丿柯南乄 0 0
40 芝麻花生馅儿饺 0 0
41 零拾 0 0
42 殇如此忧伤 0 0
43 池小猫 0 0
44 乌莲娜 0 0
45 My丶殇 0 0
46 苍镜 0 0
47 翎羽寒心 0 0
48 机智勇敢的小吊 0 0
49 凯贼阔里 0 0
50 煌煌 0 0
51 安好晴天 0 0
52 蝶舞旧梦 0 0
53 丶倾弦 0 0
54 任离流 0 0
55 一人一枪闯九州 0 0
56 墨河 0 0
57 杂粮煎饼 0 0
58 一曲天涯梦未远 0 0
59 一息衍一 0 0
60 南眸 0 0
61 仑吾山、盖聂 0 0
62 乐璟 0 0
63 凡哥的祖父 0 0
64 孤鸾° 0 0
65 鐵夢秋 0 0
66 框框 0 0
67 一曲天涯醉月光 0 0
68 丿几度度丶 0 0
69 杨尼玛 0 0
70 狂灬黑 0 0
71 万心忧 0 0
72 踏马清月夜 0 0
73 在水一方丶丶 0 0
74 ULan 0 0
75 知南茶清 0 0
76 时钟轻摇孤独 0 0
77 奶小牛丶 0 0
78 渡亡 0 0
79 蹲坑從不帶纸 0 0
80 树儿高高长 0 0
81 青羽墨染云 0 0
82 凡哥的父亲 0 0
83 墨韵轩华 0 0
84 蚩尤魔人 0 0
85 亲爱的未闻花名 0 0
86 椛灯 0 0
87 守护锋 0 0
88 机智勇敢的小浪 0 0
89 青城爱未恋 0 0
90 机智勇敢的小明 0 0
91 挲莘 0 0
92 时辰信叁 0 0
93 木易丶凝烟 0 0
94 淺笙 0 0
95 荡荡 0 0
96 一暮夏一 0 0
97 墨炽 0 0
98 只想做个好人 0 0
99 紫舞流年 0 0
100 蘃 0 0
101 若汐 0 0
102 凱蒂喵 0 0
103 楪夢 0 0
104 等我出轻语 0 0
105 陕癫侠 0 0
106 格七 0 0
107 无名唐大夫 0 0
108 太极至尊 0 0
109 顾北歌寒 0 0
110 格殺 0 0
111 梦觞丶 0 0
112 潇湘灬墨染 0 0
113 古巷烟雨断桥殇 0 0
