1 拌蠢蠢 952 1020
2 魔法少女杜芸松 810 936
3 与尔同销萬古愁 801 897
4 a逼c迪e诶扶鸡 708 792
5 FateScorpio 726 784
6 〆连翘 706 782
7 墨炽 701 781
8 佚名。 717 769
9 执劍小书生 693 755
10 紫雨幽雲 715 733
11 怒怒怒怒火 647 729
12 黑泽丶八重 645 711
13 等我出轻语 658 702
14 鱼香 669 699
15 除了帅还有酷 666 698
16 魔仙堡小公举 633 685
17 箫布吉 658 678
18 伊贰叁 633 673
19 FateLibra 628 670
20 余子乔丶 623 667
21 百里轩翊 629 659
22 零拾 619 655
23 树儿高高长 575 655
24 此情珂待 641 651
25 若以梦熙わ 611 649
26 浪迹小秦 579 629
27 时钟轻摇孤独 549 627
28 襄州牛头梗 622 622
29 墨韵轩华 601 611
30 水影悠兰 591 601
31 夜冥雪 545 585
32 天语灬幻影 568 584
33 在下唐言 553 583
34 萧劲城 520 578
35 潇洒仗剑天下 543 559
36 再见是否红着脸 540 558
37 尛尛唐猫咪 521 551
38 如殇如暮歌ゎ 488 546
39 荆轲已逝高渐离 509 545
40 凛柒っ 539 539
41 月牙冲天 526 536
42 墨河 513 531
43 淺笙 525 531
44 如清如影歌ゎ 497 531
45 神锤开山大梵天 511 527
46 冷清语 479 527
47 唐舞桐灬 493 521
48 冬眠的团子 507 519
49 太极至尊 466 512
50 kingdan 466 498
51 何月凡 477 493
52 冷晓汐丶 485 491
53 李心武 484 486
54 口味太怪 458 478
55 小阿淮呀 452 466
56 曲终无意 443 461
57 阴萤儿 417 445
58 艾莉亞史塔克 415 419
59 时光不矜持 416 416
60 南宫絮语 390 406
61 ￣放空 371 405
62 仼小三 384 392
63 迟歌 385 391
64 苏幕清 377 387
65 剑惜玉 377 385
66 牛奶奶奶奶 381 385
67 东风路三狗蛋 353 381
68 花兮兮兮兮 303 367
69 俱利摩 322 328
70 黑泽丶纱重 272 306
71 东越雪纳瑞 281 299
72 大眼睛秋秋 285 297
73 伴之则暖。 270 276
74 素手绾青丝임 259 275
75 陌路莫回 258 268
76 丨梦里寻她丶丨 253 255
77 沐浠尘 244 252
78 青丝如沫 241 245
79 跟寂寞再和好丶 226 236
80 唐门仐少 221 223
81 纯洁友善的暮夏 213 223
82 梦觞丶 213 215
83 如慕如幽歌ゎ 192 214
84 百里蕾姆 203 209
85 只想做个好人 187 209
86 紫舞流年 199 201
87 奶小牛丶 179 183
88 太子彬 150 160
89 倾舞情儿 148 150
90 空虚公子萧四无 127 137
91 如酒如清歌ゎ 121 135
92 如狂如啸歌ゎ 116 122
93 如梦如挽歌ゎ 107 119
94 友善的若云 103 117
95 青絮丶 81 95
96 友善的大夫 90 94
97 如梦如幻歌ゎ 84 84
98 折扇浪漫 47 59
99 花炮炮炮炮 29 29
100 那年红颜 9 15
101 可爱琳 14 14
102 唐门王俊凯 14 14
103 午时已到小叨叨 9 11
104 凌渃尘 10 10
105 木易丶凝烟 2 6
106 晓月梦澈 6 6
107 苍镜 5 5
108 徐婧懿 1 1
109 青骢绝骑塑天荒 1 1
110 神异诀 0 0
111 丿慕容晚枫 0 0
112 山高丶木易 0 0
113 机智勇敢的小珞 0 0
114 小心有诈哦 0 0
115 小雪妖 0 0
116 C丶C丶 0 0
117 白微薇 0 0
118 惜玉挽轻裳 0 0
119 童话话 0 0
120 青城爱未恋 0 0
