1 几何猫 2 2
2 青骢绝骑塑天荒 2 2
3 小雪妖 1 1
4 那年今若、 0 0
5 浪迹小秦 0 0
6 无爱别演 0 0
7 沐伯乾 0 0
8 伐青 0 0
9 ޓ一梦换须臾 0 0
10 潇洒仗剑天下 0 0
11 七情剑伶慕容英 0 0
12 冬瓜小荞 0 0
13 云海小明 0 0
14 偌米粥丶 0 0
1 芍药児 15 21
2 逸仙丶王爷 10 14
3 蛋蛋疍 10 14
4 凉山伯 13 13
5 花谢人凋零。 12 12
6 尐浣熊。 7 11
7 梨花黛雨 7 11
8 丶伴我几度 7 11
9 沐伯乾 3 9
10 除了帅还有酷 8 8
11 SouLmAte、小狼 8 8
12 花兮兮兮兮 3 7
13 友善的小鱼 5 7
14 箫布吉 5 7
15 白析 3 7
16 茴香。 7 7
17 甄心 7 7
18 青丝如沫 7 7
19 俱利摩 2 6
20 超人不会飞〃 4 6
21 之绵 6 6
22 水影悠兰 6 6
23 与尔同销萬古愁 4 6
24 百里轩翊 6 6
25 项辰帝 6 6
26 木易丶凝烟 6 6
27 张灵风 5 5
28 超蠢的等风呀 5 5
29 训练大师森三白 3 5
30 此情珂待 5 5
31 盖世呆头洋 5 5
32 紫雨幽雲 5 5
33 小阿淮呀 5 5
34 关翔予 5 5
35 鱼小小 4 4
36 百里蕾姆 4 4
37 那年今若、 4 4
38 云清墟 4 4
39 空虚公子萧四无 2 4
40 时光不矜持 4 4
41 煌煌 4 4
42 白马落叶总相依 2 4
43 潇洒仗剑天下 4 4
44 梦觞丶 3 3
45 淺笙 3 3
46 苏幕清 3 3
47 墨萧炎 3 3
48 Mn丶猫猫君 3 3
49 夜冥雪 3 3
50 悠酒幽 3 3
51 明年今日奕十年 3 3
52 闭月羞 3 3
53 薛无衡 3 3
54 青城爱未恋 3 3
55 神威再见 3 3
56 沐浠尘 2 2
57 汪映雪 2 2
58 姬如影 2 2
59 凛柒っ 2 2
60 口味太怪 2 2
61 男人应有的自豪 2 2
62 浪琴 2 2
63 南宫絮语 2 2
64 晓月梦澈 2 2
65 霸天糕 2 2
66 墨韵轩华 2 2
67 奶小牛丶 2 2
68 天语灬幻影 2 2
69 苍镜 2 2
70 等我出轻语 1 1
71 司寇听雨 1 1
72 丶天蓝色 1 1
73 叶菡 1 1
74 赵昊昌 1 1
75 折扇浪漫 1 1
76 拌蠢蠢 1 1
77 伊贰叁 1 1
78 北城初夏 1 1
79 其实想玩刀客 1 1
80 云海小明 1 1
81 在下唐银 1 1
82 破烂刀客 1 1
83 东风路三狗蛋 1 1
84 仁剑震音扬 1 1
85 墨炽 1 1
86 在下唐言 1 1
87 張君雅。 1 1
88 阿普丶 1 1
89 纯洁友善的殇 1 1
90 太极至尊 1 1
91 框框 1 1
92 东瀛浪人展梦魂 1 1
93 迟歌 1 1
94 乞丐也能很强 1 1
95 魔法少女杜芸松 1 1
96 吕小栋 0 0
97 余子乔丶 0 0
98 洪时雪 0 0
99 何月凡 0 0
100 诸天花雨 0 0
101 公子羽哥哥 0 0
102 伐青 0 0
103 浪迹小秦 0 0
104 暮雪醉逍遥 0 0
105 荡荡 0 0
106 艾莉亞史塔克 0 0
107 奥利奥。巧轻脆 0 0
108 七情剑伶慕容英 0 0
109 丐帮汪剑通 0 0
110 夜白衣 0 0
111 时钟轻摇孤独 0 0
112 青羽墨染云 0 0
113 山高丶木易 0 0
114 吾寄愁心与明月 0 0
115 阴萤儿 0 0
116 神奇宝贝妮小白 0 0
117 只想做个好人 0 0
118 GoldㅈExperie 0 0
119 霸天倪 0 0
120 〃北梦木兮 0 0

