1 紫雨幽雲 1536 1666
2 零拾 1231 1273
3 花谢人凋零。 1149 1239
4 煌煌 1102 1188
5 凯贼阔里 1136 1152
6 太子彬 1017 1135
7 墨河 1064 1134
8 拾勾枯爬尖 1108 1124
9 晓月梦澈 1058 1060
10 迷茫中徘徊 1008 1050
11 素蝶 1047 1049
12 空虚公子萧四无 976 1032
13 鱼香 988 1026
14 芍药児 997 1025
15 浪迹小秦 950 1022
16 丶神楽 971 1003
17 魔法少女杜芸松 935 1003
18 墨炽 891 1003
19 月下魂兮 966 1002
20 潇洒仗剑天下 971 999
21 俱利摩 935 979
22 曲终无意 956 978
23 梦觞丶 885 955
24 机智勇敢的小明 865 945
25 蘃 903 935
26 苍镜 903 935
27 唐糖～ 859 931
28 袅袅余音灬 906 928
29 此情珂待 909 923
30 冷晓汐丶 891 913
31 怒怒怒怒火 864 910
32 守护锋 814 908
33 东瀛浪人展梦魂 826 904
34 这下可好啦 799 887
35 淺笙 825 869
36 墨韵轩华 800 858
37 童话话 837 857
38 浅歌丶濢曦轻衣 853 855
39 树儿高高长 835 847
40 折扇浪漫 764 846
41 浩浩丶浩 817 817
42 年瑾倾城玉蝴蝶 739 813
43 晓晨晨晨 762 810
44 丶天蓝色 792 806
45 伊贰叁 765 797
46 冷沐瞳 795 795
47 沐浠尘 717 771
48 汪映雪 759 767
49 枯葉丷为谁落 765 767
50 七情剑伶慕容英 690 764
51 闭月羞 737 761
52 八块腹肌小官人 730 758
53 椛灯 715 751
54 一人一枪闯九州 707 735
55 大眼睛秋秋 693 731
56 墨萧炎 653 731
57 丶忍野咩咩 706 730
58 那年红颜 670 726
59 吾寄愁心与明月 712 722
60 薛无衡 701 719
61 奶小牛丶 711 717
62 吕小栋 706 714
63 薄霭 655 709
64 GoldㅈExperie 636 682
65 笑看浮华红尘事 671 681
66 艾莉亞史塔克 649 677
67 只想做个好人 576 676
68 何月凡 639 669
69 神奇宝贝杨尼玛 617 669
70 永恒永远十八岁 615 665
71 叶枫刃 631 641
72 水影悠兰 623 639
73 太极至尊 610 638
74 Angelミ墨娘彡 613 635
75 破烂刀客 623 631
76 口味太怪 622 630
77 顾寻清 591 601
78 冬凝寒 569 599
79 北城初夏 575 583
80 项辰帝 559 559
81 い楓ゞ妖い 519 531
82 奥利奥。巧轻脆 501 509
83 丶吴宇森 462 488
84 青丝枫凌 461 475
85 淡若清风過丶 444 472
86 濯清莲而不妖 370 408
87 逸仙丶王爷 366 404
88 苏幕清 385 385
89 咸鱼天香 347 375
90 苏洛伊 317 327
91 木易丶凝烟 294 308
92 在下唐言 278 308
93 时钟轻摇孤独 263 275
94 追风少年鹰老七 256 258
95 山高丶木易 194 200
96 李破风 177 183
97 夜白衣 169 173
98 丐帮汪剑通 146 162
99 飞舞的菊花 115 115
100 除了帅还有酷 102 108
101 丐帮萌主 85 95
102 再见是否红着脸 79 83
103 刀之芳华 75 81
104 鱼小小 53 61
105 甄心 34 42
106 踏马清月夜 31 31
107 蛋蛋疍 25 25
108 关翔予 15 19
109 榕月 14 14
110 余子乔丶 1 1
111 月牙冲天 0 0
112 一根直肠通大脑 0 0
113 梨花黛雨 0 0
114 破穿 0 0
115 与尔同销萬古愁 0 0
116 SouLmAte、小狼 0 0
117 蝶舞旧梦 0 0
118 百里轩翊 0 0
119 神荼夜 0 0
120 倾舞情儿 0 0
121 那年今若、 1 3
122 尐浣熊。 1 1
123 張君雅。 1 1
124 Mn丶猫猫君 0 0