1 花谢人凋零。 1268 1428
2 框框 1344 1392
3 紫雨幽雲 1273 1339
4 Mn丶猫猫君 1227 1281
5 墨萧炎 1173 1263
6 芍药児 1208 1238
7 守护锋 1129 1233
8 梓珏 1179 1189
9 張君雅。 1135 1175
10 只想做个好人 998 1138
11 胡大力 1105 1131
12 执劍小书生 991 1129
13 沐浠尘 1072 1120
14 奥利奥。巧轻脆 1085 1089
15 魔法少女杜芸松 1030 1088
16 夜白衣 1047 1085
17 神威再见 989 1085
18 太子彬 1000 1076
19 素蝶 1070 1072
20 异逍遥 1007 1057
21 鱼香 986 1048
22 曲终无意 970 1046
23 除了帅还有酷 1025 1035
24 折扇浪漫 974 1028
25 零拾 971 1023
26 尐浣熊。 920 1022
27 那年红颜 967 1009
28 再见是否红着脸 968 996
29 空虚公子萧四无 945 995
30 年瑾倾城玉蝴蝶 965 989
31 FateScorpio 970 988
32 倾舞情儿 945 979
33 墨河 940 978
34 木易丶凝烟 959 965
35 白析 935 961
36 超人不会飞〃 925 959
37 月下魂兮 899 959
38 汪映雪 951 957
39 俱利摩 852 952
40 叶菡 901 933
41 余子乔丶 886 930
42 楪夢 897 925
43 淺笙 866 910
44 此情珂待 888 908
45 丶伴我几度 876 904
46 白马落叶总相依 866 904
47 迟歌 891 899
48 明年今日奕十年 881 895
49 晓晨晨晨 876 894
50 南宫灼影 758 892
51 白易轩 842 882
52 逸仙丶王爷 865 877
53 艾莉亞史塔克 847 871
54 墨韵轩华 821 871
55 南宫絮语 839 869
56 泪忆寒、 833 859
57 南眸 843 859
58 水影悠兰 841 853
59 甄心 803 837
60 GoldㅈExperie 795 835
61 帅气无敌康爸爸 804 830
62 那年今若、 782 812
63 煌煌 733 809
64 叶枫刃 795 809
65 FateLibra 756 806
66 迷茫中徘徊 765 797
67 梦觞丶 742 790
68 暮雪醉逍遥 748 764
69 荆湖丶骚猪达 723 763
70 蛋蛋疍 743 759
71 等我出轻语 727 757
72 潇洒仗剑天下 734 756
73 五六柒 697 747
74 咸鱼天香 612 742
75 刀无回 727 735
76 惜玉挽轻裳 735 735
77 太极至尊 675 733
78 孤傲凡尘 689 701
79 浪迹小秦 639 699
80 鱼小小 634 690
81 口味太怪 663 685
82 冷霜刃 672 676
83 百里轩翊 648 670
84 青丝枫凌 643 661
85 山高丶木易 654 658
86 关翔予 577 655
87 浪琴 613 625
88 神奇宝贝妮小白 535 561
89 灰狼叔叔会打雷 529 547
90 伊贰叁 508 532
91 荡荡 519 529
92 ￣放空 483 521
93 神威小枪将 455 473
94 七情剑伶慕容英 430 470
95 其实想玩刀客 381 389
96 蝶舞旧梦 337 353
97 与尔同销萬古愁 305 345
98 龙一萧 329 335
99 大眼睛秋秋 328 330
100 青骢绝骑塑天荒 296 314
101 薛无衡 253 289
102 丐帮萌主 194 202
103 凌雲傲雪 109 143
104 嗳维 94 96
105 苍镜 95 95
106 企及 32 46
107 树儿高高长 36 38
108 踏马清月夜 25 35
109 丿几度度丶 13 13
110 墨炽 5 5
111 丐帮汪剑通 0 0
112 在下唐言 0 0
113 吾寄愁心与明月 0 0
114 童话话 0 0
115 榕月 0 0
116 在下唐银 0 0
117 蘃 0 0
118 友善的小鱼 0 0
119 凯贼阔里 0 0
120 一个有内涵的人 0 0