1 框框 664 674
2 張君雅。 576 580
3 魔法少女杜芸松 531 571
4 花谢人凋零。 397 553
5 Angelミ墨娘彡 510 532
6 紫雨幽雲 514 532
7 尐浣熊。 428 510
8 迟歌 487 491
9 机智勇敢的小明 432 488
10 空虚公子萧四无 376 458
11 俱利摩 426 456
12 煌煌 377 441
13 小阿淮呀 409 439
14 浪迹小秦 354 434
15 墨韵轩华 388 430
16 只想做个好人 331 391
17 薄霭 377 387
18 古巷烟雨断桥殇 367 385
19 胡大力 340 384
20 折扇浪漫 342 378
21 墨炽 324 374
22 异逍遥 355 371
23 鱼香 331 369
24 跑调的张学友 354 366
25 年瑾倾城玉蝴蝶 342 362
26 时钟轻摇孤独 306 354
27 夜白衣 330 354
28 甄心 340 352
29 淡若清风過丶 317 341
30 晓月梦澈 332 334
31 楪夢 295 333
32 Mn丶猫猫君 325 333
33 神威再见 295 331
34 洪时雪 309 329
35 倾舞情儿 323 325
36 大眼睛秋秋 279 325
37 其实想玩刀客 298 322
38 八块腹肌小官人 309 321
39 娇软の小屁股 279 311
40 白芹 297 305
41 梓珏 301 305
42 太极至尊 234 300
43 与尔同销萬古愁 279 299
44 白易轩 273 295
45 偌米粥丶 266 294
46 い楓ゞ妖い 283 291
47 墨萧炎 238 290
48 月下魂兮 255 287
49 在下唐言 275 281
50 √蓝莓巧克力丶 277 281
51 南宫灼影 235 275
52 拾勾枯爬尖 255 273
53 苍镜 241 271
54 明年今日奕十年 260 270
55 墨河 216 268
56 沐浠尘 232 258
57 南眸 256 256
58 友善的咸鱼白 251 255
59 守护锋 172 252
60 江湖多寂莫丶人 241 251
61 泪忆寒、 243 247
62 淺笙 231 245
63 余子乔丶 237 243
64 夜冥雪 233 237
65 ￣放空 222 236
66 丐帮汪剑通 220 232
67 太子彬 202 222
68 浪琴 219 221
69 冷晓汐丶 206 220
70 秋末黑白 210 218
71 那年红颜 215 215
72 口味太怪 206 208
73 丶伴我几度 195 205
74 顾寻清 200 204
75 丶神楽 196 200
76 暮雪醉逍遥 198 198
77 梦觞丶 182 198
78 SouLmAte、小狼 186 198
79 张灵风 187 191
80 GoldㅈExperie 177 189
81 青丝枫凌 172 184
82 山高丶木易 177 183
83 ޓ一梦换须臾 180 180
84 丿几度度丶 169 175
85 苏幕清 169 173
86 蛋蛋疍 165 167
87 素蝶 162 162
88 灰狼叔叔会打雷 157 159
89 白析 152 158
90 一个有内涵的人 151 153
91 毅生有妮丶 149 151
92 鱼小小 142 146
93 企及 137 139
94 独孤杀生 123 123
95 孤傲凡尘 122 122
96 凛柒っ 115 121
97 叶枫刃 116 118
98 时光不矜持 107 107
99 关翔予 92 106
100 吕小栋 105 105
101 惜玉挽轻裳 94 94
102 破烂刀客 92 92
103 水影悠兰 67 69
104 吾寄愁心与明月 66 68
105 濯清莲而不妖 56 66
106 怒怒怒怒火 58 66
107 凌雲傲雪 47 49
108 花兮兮兮兮 31 47
109 逸仙丶王爷 42 42
110 嗳维 37 37
111 东风路三狗蛋 32 32
112 青骢绝骑塑天荒 30 32
113 奶小牛丶 19 19
114 树儿高高长 9 11
115 七情剑伶慕容英 9 9
116 刀之芳华 4 4
117 等我出轻语 3 3
118 荡荡 0 0
119 踏马清月夜 0 0
120 蝶舞旧梦 0 0