1 紫雨幽雲 1209 1257
2 拌蠢蠢 1125 1155
3 框框 1092 1144
4 零拾 949 967
5 薄霭 886 962
6 胡大力 876 932
7 Mn丶猫猫君 890 912
8 夜白衣 849 883
9 折扇浪漫 835 873
10 素蝶 858 858
11 等风与你 848 856
12 晓月梦澈 854 854
13 画摟他暖 770 852
14 冬凝寒 820 842
15 只想做个好人 748 834
16 神威再见 791 831
17 明年今日奕十年 815 829
18 等我出轻语 789 821
19 纯洁友善的暮夏 782 820
20 薛无衡 770 814
21 云海小明 796 810
22 太极至尊 729 807
23 青羽墨染云 773 803
24 东风路三狗蛋 775 801
25 冷晓汐丶 766 800
26 空虚公子萧四无 734 796
27 魔法少女杜芸松 725 791
28 鱼香 737 781
29 神奇宝贝杨尼玛 732 778
30 怒怒怒怒火 735 777
31 树儿高高长 744 768
32 俱利摩 741 767
33 月下魂兮 704 766
34 超人不会飞〃 714 760
35 洪时雪 714 758
36 椛灯 733 753
37 沐浠尘 703 753
38 五六柒 717 749
39 冬瓜小荞 740 746
40 守护锋 670 744
41 年瑾倾城玉蝴蝶 720 744
42 在下唐银 701 737
43 男人应有的自豪 711 733
44 艾莉亞史塔克 720 726
45 荡荡 650 724
46 丶忍野咩咩 707 723
47 沐伯乾 701 717
48 破穿 702 716
49 时钟轻摇孤独 654 716
50 小阿淮呀 675 711
51 曲终无意 677 701
52 丶天蓝色 680 698
53 √蓝莓巧克力丶 685 691
54 乌莲娜 646 690
55 墨河 649 685
56 浪迹小秦 665 685
57 潇洒仗剑天下 654 674
58 墨萧炎 628 658
59 雙生逐梦 608 656
60 咲冭陽 589 619
61 鱼小小 598 614
62 奥利奥。巧轻脆 607 609
63 再见是否红着脸 572 608
64 任离流 573 597
65 那年今若、 555 589
66 水影悠兰 564 586
67 墨韵轩华 548 576
68 一直梨花压海棠 571 571
69 南眸 557 569
70 暮雪醉逍遥 540 558
71 童话话 542 554
72 青丝枫凌 526 544
73 丶公子影 540 542
74 伊贰叁 520 538
75 青骢绝骑塑天荒 501 537
76 殇月未觞 482 530
77 淺笙 510 528
78 那年红颜 516 522
79 友善的咸鱼白 489 519
80 可可菌 510 514
81 何月凡 491 507
82 晓晨晨晨 493 507
83 蛋蛋疍 497 507
84 余子乔丶 476 496
85 追风少年鹰老七 482 494
86 GoldㅈExperie 456 488
87 丿几度度丶 444 454
88 一人一枪闯九州 417 439
89 大眼睛秋秋 427 437
90 仁剑震音扬 412 430
91 封思绝 423 429
92 凌渃尘 395 417
93 我是天香的啊 389 395
94 榕月 389 393
95 毅生有妮丶 379 381
96 丐帮萌主 305 321
97 梅雨天丶 302 302
98 此情珂待 285 295
99 北城初夏 286 286
100 梦觞丶 209 233
101 烈凝风 214 220
102 丐帮汪剑通 211 213
103 帅气无敌康爸爸 150 160
104 北巷不故 84 92
105 青城爱未恋 66 78
106 语丶殇 64 66
107 永恒永远十八岁 61 65
108 花兮兮兮兮 55 61
109 苏幕清 29 29
110 这下可好啦 4 12
111 莫倾城灬 5 5
112 奶小牛丶 0 0
113 山高丶木易 0 0
114 白析 0 0
115 与尔同销萬古愁 0 0
116 唐糖～ 0 0
117 木易丶凝烟 0 0
118 百里轩翊 0 0
119 霜雪寒梅 0 0
