1 紫雨幽雲 1115 1173
2 拌饭萌面酥 996 1018
3 杂粮煎饼 868 916
4 凰荼歌 857 891
5 框框 821 881
6 机智勇敢的小明 742 856
7 梦觞丶 766 812
8 百里轩翊 749 787
9 机智勇敢的小碧 748 786
10 树儿高高长 740 782
11 诸天花雨 730 778
12 青羽墨染云 735 773
13 奶妈起余音 731 763
14 仑吾山、盖聂 699 755
15 再见是否红着脸 716 752
16 机智勇敢的小珞 714 740
17 帅气无敌康爸爸 690 734
18 笑看丶天下 629 731
19 丶她有清喉 710 728
20 唐舞桐灬 681 719
21 等我出轻语 674 718
22 要来点莹宝吗 661 715
23 奶小牛丶 669 689
24 楪夢 616 668
25 墨如渊 636 668
26 潇洒仗剑天下 638 666
27 墨炽 559 659
28 渡亡 587 641
29 伴我几度丶 606 640
30 琴韵红衣丶心 630 638
31 东风路三狗蛋 593 635
32 星魂 606 634
33 方得始終 568 634
34 苏云昭 601 633
35 若汐 608 630
36 凡哥的父亲 580 626
37 一人一枪闯九州 601 611
38 殇如此忧伤 585 607
39 机智勇敢的小月 587 598
40 机智勇敢的小吊 570 590
41 格七 559 587
42 磊桶顺刘等的爸 569 581
43 机智勇敢的小鸡 581 581
44 泪满衫r 547 575
45 在水一方丶丶 550 572
46 彡电竞丿柯南乄 536 572
47 蘃 526 572
48 夜刃劫 547 565
49 阿嫡蜜丝 548 558
50 洪时雪 536 552
51 香扒饭 515 551
52 格殺 530 548
53 鐵夢秋 514 546
54 陌路莫回 516 546
55 菱喵喵 502 538
56 顾念晨 523 533
57 紫舞流年 497 525
58 言柳 509 517
59 杨尼玛 459 515
60 为君丶祭酒 449 507
61 玄懿 484 506
62 青城爱未恋 463 487
63 董锋 453 487
64 派大星么么哒 451 483
65 乌莲娜 480 482
66 荡荡 421 477
67 云虚 456 472
68 机智勇敢的小炮 431 461
69 派大星囧么么 426 460
70 一直梨花压海棠 448 458
71 笙箫尽微凉 386 454
72 机智勇敢的小猪 409 421
73 白公子x 403 413
74 全城竟是小白兔 369 395
75 亲爱的未闻花名 387 391
76 苍镜 354 376
77 清弦 365 375
78 校服一穿就变乖 369 371
79 钢铁侠的骚裤衩 360 370
80 扛旗 353 356
81 墨雨丶晓枫 328 352
82 淺笙 327 335
83 灬醉丨雲嫣 296 306
84 毕夏有毓 271 299
85 池小猫 282 292
86 蝙蝠侠的小内衣 287 291
87 那年红颜 283 287
88 时辰信叁 282 286
89 凌雲傲雪 264 276
90 机智勇敢的小浪 263 275
91 甄心 263 269
92 凌雲曦 261 261
93 万心忧 242 250
94 旧忆 178 182
95 钟爱有嘉 146 168
96 獨孤丨丶求敗 138 138
97 池小晚 126 136
98 Tusy 121 123
99 涛声依旧彡 122 123
100 凌雲玄幂 105 107
101 Yennefer 89 89
102 凯贼阔里 78 82
103 轻素剪云端 62 72
104 狂灬黑 62 66
105 潇湘灬墨染 15 17
106 艾莉亞史塔克 9 13
107 木易丶凝烟 8 8
108 墨河 2 2
109 守护锋 1 1
110 二瞳 0 0
111 太极至尊 0 0
112 零拾 0 0
113 只想做个好人 0 0
114 椋九绝 0 0
115 芝麻花生馅儿饺 0 0
116 异逍遥 0 0
117 山高丶木易 0 0
118 叶菡 0 0
119 一暮夏一 0 0
120 其实想玩刀客 0 0
