1 紫雨幽雲 667 792
2 シ流氓帅哥ジ 461 640
3 三绝仙子曲萌萌 473 574
4 FateScorpio 491 572
5 孤雁与落霞与云 473 564
6 魔法少女杜芸松 407 560
7 奶小牛丶 464 559
8 倾君慕晚画ゞ 453 556
9 鲨鱼辣椒 391 550
10 太极至尊 364 547
11 零拾 425 544
12 爱妃再来一炮あ 435 526
13 墨萧炎 406 523
14 古巷烟雨断桥殇 389 518
15 ぃ碎光 388 495
16 倾舞情儿 406 485
17 怒怒怒怒火 394 483
18 冷晓汐丶 404 481
19 蝶舞旧梦 373 474
20 林峰。 377 474
21 树儿高高长 353 460
22 此情珂待 373 458
23 诸天花雨 355 456
24 墨河 351 448
25 李百万 292 447
26 意识流毒奶 418 446
27 FateLibra 363 444
28 南宫絮语 352 437
29 机智勇敢的小珞 339 434
30 楪夢 330 429
31 况况况况 353 424
32 青城爱未恋 315 420
33 栖零刻 337 416
34 墨韵轩华 321 412
35 皮蛋奶茶 324 411
36 莫寻欢 310 407
37 若无似有小偏执 307 404
38 与尔同销萬古愁 285 404
39 鲜虾鱼板很Q弹 307 400
40 梦觞丶 321 398
41 木清。 270 397
42 凌渃尘 298 393
43 再见是否红着脸 314 393
44 框框 300 385
45 解药奶茶 278 385
46 那年红颜 267 382
47 曲终无意 290 373
48 丶吴宇森 280 371
49 执劍小书生 208 369
50 天语灬幻影 285 368
51 余子乔丶 276 365
52 浪迹小秦 279 362
53 伊贰叁 296 361
54 煌煌 232 361
55 潇洒仗剑天下 278 359
56 水影悠兰 275 358
57 小阿淮呀 275 356
58 凉城薇梦 247 354
59 空虚公子萧四无 234 349
60 酒夭夭 254 349
61 ヅ醉晴空 246 341
62 唐门王俊凯 320 337
63 酒倾轻竹影 311 332
64 萧劲城 231 332
65 花兮兮兮兮 233 330
66 东风路三狗蛋 229 326
67 任离流 220 317
68 纯洁友善的殇 217 312
69 唐道人 217 310
70 除了帅还有酷 227 304
71 若无似有小虎逼 203 288
72 梨花黛雨 175 286
73 晓月梦澈 215 284
74 帅气无敌康爸爸 199 284
75 太子彬 209 282
76 明婕 195 282
77 仼小三 204 279
78 青骢绝骑塑天荒 188 277
79 霖ゝ苏幕遮 186 267
80 友善的牛奶糖 183 264
81 冷语情 179 264
82 醉寞゛ 145 254
83 雪の下八幡 180 253
84 迟歌 168 247
85 时钟轻摇孤独 160 237
86 〃北梦木兮 219 223
87 口味太怪 177 222
88 森埋 148 219
89 茨木与酒吞与狗 116 217
90 七情剑伶慕容英 135 214
91 午时已到小叨叨 113 212
92 淺笙 112 195
93 踏马清月夜 115 192
94 充气奶茶 86 167
95 若无似有小傲慢 152 160
96 伯爵奶茶 125 141
97 之锦 65 140
98 若无似有小高冷 78 137
99 艾莉亞史塔克 67 136
100 鱼香 57 132
101 百里蕾姆 127 131
102 些许 126 129
103 荡荡 100 114
104 澄不二 66 113
105 守护锋 104 108
106 小心有诈哦 64 91
107 李心雨 77 90
108 折扇浪漫 15 88
109 薛无衡 10 87
110 花炮炮炮炮 9 86
111 丐帮汪剑通 10 85
112 浩浩丶浩 2 79
113 我要当咸鱼 70 78
114 糖小妖ゞ 71 76
115 牛奶奶奶奶 1 76
116 冷清语 1 76
117 心爱임 65 74
118 阴萤儿 13 54
119 ゛蓝瘦丶 45 49
120 她以为永远很远 7 7
