1 乐璟 67 81
2 凯贼阔里 65 71
3 拌饭萌面酥 53 61
4 其实想玩刀客 44 60
5 零拾 53 55
6 机智勇敢的小珞 53 55
7 墨韵轩华 51 55
8 任离流 42 54
9 一曲天涯梦未远 52 54
10 潇洒仗剑天下 46 54
11 梦觞丶 49 53
12 等风与你 53 53
13 时钟轻摇孤独 40 52
14 翎羽寒心 52 52
15 我是小官人 50 52
16 时辰信叁 43 51
17 帅气无敌康爸爸 47 51
18 诸天花雨 50 50
19 木易丶凝烟 49 49
20 ＊团灭专用奶 47 47
21 紫舞流年 47 47
22 凡哥的祖父 39 47
23 古巷烟雨断桥殇 37 47
24 框框 44 46
25 杂粮煎饼 44 46
26 陌路莫回 43 45
27 一直梨花压海棠 43 45
28 君挽言 45 45
29 青城爱未恋 41 45
30 奶小牛丶 40 44
31 叶菡 43 43
32 灬醉丨雲嫣 37 41
33 凯 37 41
34 清弦 40 40
35 蝶舞旧梦 36 40
36 渡亡 38 40
37 白公子x 39 39
38 My丶殇 36 38
39 无花果丶 38 38
40 紫雨幽雲 37 37
41 墨炽 35 37
42 全城竟是小白兔 32 36
43 格殺 36 36
44 一曲天涯炸大肠 33 35
45 等我出轻语 35 35
46 飘渺磊 35 35
47 煌煌 35 35
48 机智勇敢的小吊 30 34
49 唐倾梦吟 30 34
50 曲终无意 33 33
51 丿几度度丶 33 33
52 幻之凝雪 33 33
53 墨河 29 33
54 丶她有清喉 30 32
55 我是恺子爸 18 32
56 格七 31 31
57 一曲天涯醉月光 27 31
58 淡若清风過丶 31 31
59 一人一枪闯九州 30 30
60 百里轩翊 28 30
61 柒叶浅 26 30
62 儒丶张良 25 29
63 东风路三狗蛋 29 29
64 美美噠 28 28
65 守护锋 24 28
66 噬心人 28 28
67 艾莉亞史塔克 26 28
68 雪糕失望 26 28
69 池小晚 27 27
70 树儿高高长 27 27
71 一抹煙雨落繁華 25 25
72 彡电竞丿柯南乄 20 24
73 叁岁丶 21 21
74 苏云昭 18 20
75 再见是否红着脸 15 19
76 冷晓汐丶 18 18
77 荆轲已逝高渐离 16 18
78 神丶陌上微光 16 18
79 意邪 18 18
80 万心忧 15 17
81 山高丶木易 12 14
82 锦衣卫知秋 14 14
83 异逍遥 12 12
84 无名唐大夫 11 11
85 只想做个好人 3 9
86 ＊下水道的白 7 9
87 机智勇敢的小浪 7 7
88 毕夏有毓 7 7
89 顾北歌寒 5 5
90 香扒饭 5 5
91 方得始終 5 5
92 在水一方丶丶 4 4
93 楪夢 3 3
94 踏马清月夜 3 3
95 放肆流逝的年华 2 2
96 唐初訫 2 2
97 晚下 1 1
98 青衫隐丶 1 1
99 浩浩丶浩 1 1
100 机智勇敢的小猪 0 0
101 乌莲娜 0 0
102 怒怒怒怒火 0 0
103 昔昔 0 0
104 狂灬黑 0 0
105 墨雨丶晓枫 0 0
106 濯清莲而不妖 0 0
107 知南茶清 0 0
108 机智勇敢的小明 0 0
109 洪时雪 0 0
110 梦里和你千百次 0 0
111 一息衍一 0 0
112 荡荡 0 0
113 董锋 0 0
