1 凯 7 19
2 方得始終 1 3
3 丿几度度丶 1 3
4 城南穷鬼赵四 0 0
5 沐浠尘 0 0
6 机智勇敢的小猪 0 0
7 蚩尤魔人 0 0
8 池小猫 0 0
9 紫舞流年 0 0
10 诸天花雨 0 0
11 守护锋 0 0
12 纯情少妇马芳玲 0 0
13 七情剑伶慕容英 0 0
14 煌煌 0 0
15 折扇浪漫 0 0
16 毕夏有毓 0 0
17 墨河 0 0
18 柒叶浅 0 0
19 鱼小小 0 0
20 儒丶张良 0 0
21 空虚公子萧四无 0 0
22 怒怒怒怒火 0 0
23 苍镜 0 0
24 乌莲娜 0 0
25 独孤沐白 0 0
26 墨韵轩华 0 0
27 框框 0 0
28 绫月薇 0 0
29 狂灬黑 0 0
30 树儿高高长 0 0
31 追风少年鹰老七 0 0
32 安蠢蠢 0 0
33 入梦落樱满熏香 0 0
34 零拾 0 0
35 无名唐大夫 0 0
36 帅气无敌康爸爸 0 0
37 月牙冲天 0 0
38 陌丶羽殇 0 0
39 只想做个好人 0 0
40 等我出轻语 0 0
41 在下唐言 0 0
42 浪迹小秦 0 0
43 开封拍卖行 0 0
44 异逍遥 0 0
45 轻素剪云端 0 0
46 机智勇敢的小炮 0 0
47 曾经的麻辣 10 0
48 魔法少女杜芸松 0 0
49 纯洁友善的殇 0 0
50 炖猪肘丶 0 0
51 任离流 0 0
52 格殺 0 0
53 灬醉丨雲嫣 0 0
54 浩浩丶浩 0 0
55 武藏野剑太 0 0
56 那年红颜 0 0
57 旧人谙 0 0
58 木易丶凝烟 0 0
59 凡人的梦 0 0
60 ′浪浪 0 0
61 伐青 0 0
62 冷晓汐丶 0 0
63 花兮兮兮兮 0 0
64 东风路三狗蛋 0 0
65 芝麻花生馅儿饺 0 0
66 奈亻可 0 0
67 小阿淮呀 0 0
68 荡荡 0 0
69 梦觞丶 0 0
70 奶小牛丶 0 0
71 凯贼阔里 0 0
72 落雨晴天 0 0
73 放肆流逝的年华 0 0
74 潇洒仗剑天下 0 0
75 墨雨丶晓枫 0 0
76 落花丶醉 0 0
77 生气的小黄瓜 0 0
78 南宫絮语 0 0
79 其实想玩刀客 0 0
80 丶初馨 0 0
81 °° 0 0
82 山高丶木易 0 0
83 小萌耍太白丶 0 0
84 榕月 0 0
85 永恒只为等待 0 0
86 陌路莫回 0 0
87 踏马清月夜 0 0
88 楚狂丶 0 0
89 叶菡 0 0
90 丶她有清喉 0 0
91 万心忧 0 0
92 一直梨花压海棠 0 0
93 彡电竞丿柯南乄 0 0
94 董锋 0 0
95 一人一枪闯九州 0 0
96 墨萧炎 0 0
97 一抹煙雨落繁華 0 0
98 艾莉亞史塔克 0 0
99 晓月梦澈 0 0
100 艾尔艾路弗 0 0
101 老滚 0 0
102 青城爱未恋 0 0
103 友善的咸鱼白 0 0
104 阮蠢蠢 0 0
105 安好晴天 0 0
106 友善的小内衣 0 0
107 凡哥的祖父 0 0
108 一个有内涵的人 0 0
109 古巷烟雨断桥殇 0 0
110 洪时雪 0 0
111 时钟轻摇孤独 0 0
112 淺笙 0 0
113 曲终无意 0 0
114 潇湘灬墨染 0 0
115 太极至尊 0 0
116 拌饭萌面酥 0 0
117 临风望月爱啪啪 0 0
