1 紫雨幽雲 1311 1413
2 三绝仙子曲萌萌 1339 1351
3 ヅ伴烟萝 1224 1282
4 框框 1156 1192
5 零拾 1042 1112
6 诸天花雨 1041 1059
7 魔法少女杜芸松 983 1035
8 木清。 900 962
9 奶小牛丶 934 952
10 シ流氓帅哥ジ 790 946
11 我要当咸鱼 851 935
12 鲨鱼辣椒 827 925
13 倾君慕晚画ゞ 861 899
14 此情珂待 858 894
15 蝎子莱莱 803 889
16 〃北梦木兮 860 884
17 爱妃再来一炮あ 813 871
18 孤雁与落霞与云 801 867
19 凌渃尘 782 862
20 解药奶茶 789 857
21 墨韵轩华 797 851
22 李百万 781 825
23 毒药奶茶 758 818
24 冷晓汐丶 793 809
25 伊贰叁 761 767
26 ヅ醉晴空 719 763
27 若无似有小偏执 692 748
28 荡荡 696 736
29 胡大力 654 722
30 那年红颜 708 720
31 再见是否红着脸 649 711
32 煌煌 637 707
33 天机老人陆小凤 648 696
34 倾舞情儿 688 690
35 ぃ碎光 634 686
36 与尔同销萬古愁 618 684
37 小阿淮呀 634 674
38 充气奶茶 600 666
39 冷清语 527 657
40 折扇浪漫 587 655
41 楪夢 606 650
42 树儿高高长 568 648
43 霖ゝ苏幕遮 589 647
44 潇洒仗剑天下 631 645
45 除了帅还有酷 622 638
46 东风路三狗蛋 620 634
47 浪迹小秦 578 634
48 唐道人 587 631
49 空虚公子萧四无 575 621
50 南宫絮语 593 613
51 晓月梦澈 610 612
52 冷语情 572 612
53 等我出轻语 579 611
54 莫寻欢 563 591
55 若无似有小傲慢 551 585
56 墨萧炎 508 576
57 曲终无意 535 571
58 淺笙 551 571
59 雪の下八幡 549 559
60 青城爱未恋 508 550
61 太极至尊 468 548
62 棠棠 503 533
63 帅气无敌康爸爸 512 532
64 迟歌 517 531
65 唐舞桐灬 481 529
66 林峰。 465 521
67 余子乔丶 503 521
68 森埋 489 517
69 冷如是丶 495 513
70 口味太怪 497 503
71 若无似有小虎逼 494 500
72 午时已到小叨叨 432 496
73 皮蛋奶茶 463 485
74 萧劲城 461 485
75 纯洁友善的殇 456 484
76 丶吴宇森 457 481
77 酒夭夭 456 480
78 茨木与酒吞与狗 453 475
79 太子彬 467 473
80 异逍遥 429 453
81 蝶舞旧梦 440 452
82 时钟轻摇孤独 398 436
83 机智勇敢的小珞 408 418
84 花兮兮兮兮 381 411
85 水影悠兰 375 399
86 百里蕾姆 383 389
87 渡亡 349 387
88 青衫落拓叶不羞 362 368
89 友善的牛奶糖 324 342
90 千夜임 313 313
91 ㏑ゞ初心ノ 299 311
92 踏马清月夜 289 303
93 半月梨花带春风 291 295
94 明婕 277 277
95 鬼符三清 263 263
96 皇上臣妾还要あ 249 261
97 梨花黛雨 232 246
98 一时春色 193 201
99 仼小三 179 183
100 丐帮汪剑通 165 179
101 李心雨 173 173
102 牛奶奶奶奶 158 160
103 唐门王俊凯 111 143
104 帝喾 110 124
105 三千世界鴉杀尽 89 101
106 薛无衡 93 99
107 莫雪飞飞 65 71
108 之锦 54 56
109 花炮炮炮炮 54 56
110 栖零刻 42 56
111 ゛蓝瘦丶 52 56
112 心爱임 47 55
113 茴香。 51 51
114 与君共枕到天明 34 36
115 天朝皇帝陛下 28 28
116 阴萤儿 13 15
117 易天寒 9 13
118 薏苡。 9 9
119 夜冥雪 2 2
120 她以为永远很远 0 0
