1 等风与你 12 28
2 丿几度度丶 11 17
3 白公子x 6 8
4 冷晓汐丶 3 7
5 无名唐大夫 3 7
6 凡哥的祖父 4 6
7 全城竟是小白兔 3 5
8 机智勇敢的小吊 3 5
9 为君丶祭酒 4 4
10 乐璟 3 3
11 太世小白 3 3
12 殇如此忧伤 3 3
13 唐舞桐灬 1 3
14 紫舞流年 3 3
15 叶菡 2 2
16 清弦 2 2
17 山高丶木易 2 2
18 木易丶凝烟 2 2
19 巡山的人 2 2
20 方得始終 2 2
21 墨韵轩华 1 1
22 青羽墨染云 1 1
23 那年红颜 1 1
24 丶她有清喉 1 1
25 东风路三狗蛋 1 1
26 一曲天涯炸大肠 1 1
27 一曲天涯醉月光 1 1
28 彡电竞丿柯南乄 1 1
29 帅气无敌康爸爸 0 0
30 一抹煙雨落繁華 0 0
31 凰荼歌 0 0
32 乏乏 0 0
33 紫雨幽雲 0 0
34 机智勇敢的小浪 0 0
35 再见是否红着脸 0 0
36 怒怒怒怒火 0 0
37 叁岁丶 0 0
38 在水一方丶丶 0 0
39 池小猫 0 0
40 苍镜 0 0
41 踏马清月夜 0 0
42 幻之凝雪 0 0
43 墨萧炎 0 0
44 老滚 0 0
45 墨河 0 0
46 Tusy 0 0
47 蘭若 0 0
48 蝶舞旧梦 0 0
49 古巷烟雨断桥殇 0 0
50 纯洁友善的殇 0 0
51 艾莉亞史塔克 0 0
52 百里轩翊 0 0
53 夜刃劫 0 0
54 何处似潇湘 0 0
55 机智勇敢的小猪 0 0
56 琴韵红衣丶心 0 0
57 一息衍一 0 0
58 倾舞情儿 0 0
59 甄心 0 0
60 格殺 0 0
61 零拾 0 0
62 乌莲娜 0 0
63 一曲天涯梦未远 0 0
64 灬醉丨雲嫣 0 0
65 董汉卿 0 0
66 池小晚 0 0
67 ′浪浪 0 0
68 安好晴天 0 0
69 骄傲的龙王丶 0 0
70 儒丶张良 0 0
71 柒叶浅 0 0
72 殇月未觞 0 0
73 曲终无意 0 0
74 一人一枪闯九州 0 0
75 机智勇敢的小月 0 0
76 框框 0 0
77 裴述 0 0
78 狂灬黑 0 0
79 一暮夏一 0 0
80 楪夢 0 0
81 若汐 0 0
82 知南茶清 0 0
83 万心忧 0 0
84 时钟轻摇孤独 0 0
85 陌路莫回 0 0
86 拌饭萌面酥 0 0
87 君i陌离 0 0
88 飘渺磊 0 0
89 树儿高高长 0 0
90 异逍遥 0 0
91 ＊下水道的白 0 0
92 奶小牛丶 0 0
93 蹲坑從不帶纸 0 0
94 诸天花雨 0 0
95 顾北歌寒 0 0
96 梦觞丶 0 0
97 时辰信叁 0 0
98 洪时雪 0 0
99 放肆流逝的年华 0 0
100 最可爱的师姐 0 0
101 荡荡 0 0
102 意邪 0 0
103 一直梨花压海棠 0 0
104 梦太晚 0 0
105 我是恺子爸 0 0
106 格七 0 0
107 潇洒仗剑天下 0 0
108 君挽言 0 0
109 只想做个好人 0 0
110 翎羽寒心 0 0
111 浩浩丶浩 0 0
112 男人应有的自豪 0 0
113 亲爱的未闻花名 0 0
114 晚下 0 0
115 墨炽 0 0
116 其实想玩刀客 0 0
117 等我出轻语 0 0
118 毕夏有毓 0 0
119 青城爱未恋 0 0
120 落花丶醉 0 0
