唐门王俊凯	1	3.5	2	1.5	1	8	6	2016-10-02
ヅ醉晴空	1	3.5	2	1.5	1	8	6	2016-10-02
浪迹小秦	1	4	1	1.5	1	7	6	2016-10-02
大眼睛秋秋	1	3	1	1.5	2	7	6	2016-10-02
机智勇敢的小珞	1	4	0	1.5	2	7	6	2016-10-02
异逍遥	1	2.5	2	1	1	6	6	2016-10-02
折扇浪漫	1	2.5	1	1.5	1	6	6	2016-10-02
Mn丶猫猫君	1	3	2	0.5	1	6	6	2016-10-02
梦觞丶	1	3	1	1.5	1	6	6	2016-10-02
雪の下八幡	1	4	1	1.5	0	6	6	2016-10-02
花兮兮兮兮	1	3	1	1	1	6	6	2016-10-02
南宫絮语	1	3	1	1	1	6	6	2016-10-02
除了帅还有酷	1	3.5	1	0.5	1	6	6	2016-10-02
与尔同销萬古愁	1	3	1	0	1	5	5	2016-10-02
阴萤儿	1	2.5	0	1	2	5	5	2016-10-02
霖ゝ苏幕遮	1	1	2	1.5	1	5	5	2016-10-02
墨河	1	4	0	0.5	1	5	5	2016-10-02
零拾	1	3	1	0.5	1	5	5	2016-10-02
时钟轻摇孤独	1	3	0	1	1	5	5	2016-10-02
太子龍	1	4	0	1	0	5	5	2016-10-02
a逼c迪e诶扶鸡	1	3	0	0.5	1	4	4	2016-10-02
仼小三	1	1	2	1.5	0	4	4	2016-10-02
迟歌	1	1.5	1	1.5	0	4	4	2016-10-02
辛晗	1	2	0	0.5	1	3	3	2016-10-02
牛奶奶奶奶	1	3	0	0	0	3	3	2016-10-02
花炮炮炮炮	1	3	0	0	0	3	3	2016-10-02
解药奶茶	1	1.5	0	0	1	2	2	2016-10-02
穆洛晗	1	0.5	0	1	1	2	2	2016-10-02
小阿淮呀	1	1	0	0	1	2	2	2016-10-02
渡亡	1	1	0	0.5	1	2	2	2016-10-02
飒爽的专家	1	1	0	0	0	1	1	2016-10-02
絮絮叨叨的刀	1	0	1	0	0	1	1	2016-10-02
太极神尊	1	0	1	0	0	1	1	2016-10-02
慕容诗情	1	1.5	0	0	0	1	1	2016-10-02
晓晨晨晨	1	1	0	0	0	1	1	2016-10-02
鬼符三清	1	1	0	0	0	1	1	2016-10-02
跟寂寞再和好丶	1	0.5	0	0.5	0	1	1	2016-10-02
栖零刻	1	1	0	0	0	1	1	2016-10-02
澪澪	1	0	0	0	0	0	0	2016-10-02
冷殘心	1	0	0	0	0	0	0	2016-10-02
唐门仐少	1	0	0	0	0	0	0	2016-10-02
QQ绿钻	1	0.5	0	0	0	0	0	2016-10-02
若问闲情都几许	1	0	0	0	0	0	0	2016-10-02
慕落弦	1	0	0	0	0	0	0	2016-10-02
满分丶离渊	1	0	0	0	0	0	0	2016-10-02
箫布吉	1	0	0	0	0	0	0	2016-10-02
转身泪雨倾城	1	0	0	0	0	0	0	2016-10-02
劳资好萌好可爱	1	0	0	0	0	0	0	2016-10-02
秋叶微寒	1	0	0	0	0	0	0	2016-10-02
ヅ伴烟萝	1	0	0	0	0	0	0	2016-10-02
暮雪醉逍遥	1	0	0	0	0	0	0	2016-10-02
丶海棠丶	1	0	0	0	0	0	0	2016-10-02
素蝶	1	0	0	0	0	0	0	2016-10-02
耐侀	1	0	0	0	0	0	0	2016-10-02
水纹衫丶	1	0	0	0	0	0	0	2016-10-02
老娘是人来疯	1	0	0	0	0	0	0	2016-10-02
比逗是念着反	1	0	0	0	0	0	0	2016-10-02
可夏南栀	1	0	0	0	0	0	0	2016-10-02
牧西城	1	0	0	0	0	0	0	2016-10-02
凰荼歌	1	0	0	0	0	0	0	2016-10-02
巡山的人	1	0	0	0	0	0	0	2016-10-02
吕小栋	1	0	0	0	0	0	0	2016-10-02
超能英雄	1	0	0	0	0	0	0	2016-10-02
蜜桃君	1	0	0	0	0	0	0	2016-10-02
承受我得狂或野	1	0	0	0	0	0	0	2016-10-02
丶若芷	1	0	0	0	0	0	0	2016-10-02
农奴翻身当地主	1	0	0	0	0	0	0	2016-10-02
君玉心	1	0	0	0	0	0	0	2016-10-02
薛涛笺	1	0	0	0	0	0	0	2016-10-02
秋末黑白	1	0	0	0	0	0	0	2016-10-02
安九岁	1	0	0	0	0	0	0	2016-10-02
独孤沐白	1	0	0	0	0	0	0	2016-10-02
我是你狼叔啊	1	0	0	0	0	0	0	2016-10-02
√蓝莓巧克力丶	1	0	0	0	0	0	0	2016-10-02
棠棠	1	0	0	0	0	0	0	2016-10-02
喝脉动割动脉	1	0	0	0	0	0	0	2016-10-02
神荼夜	1	0	0	0	0	0	0	2016-10-02
墨如渊	1	0	0	0	0	0	0	2016-10-02
俱是梦中人	1	0	0	0	0	0	0	2016-10-02
一时春色	1	0	0	0	0	0	0	2016-10-02
我是萝卜啊	1	0	0	0	0	0	0	2016-10-02
ジSunshineづ	1	0	0	0	0	0	0	2016-10-02
奥利奥。巧轻脆	1	0	0	0	0	0	0	2016-10-02
白素。	1	0	0	0	0	0	0	2016-10-02
练武风化	1	0	0	0	0	0	0	2016-10-02
墨泓	1	0	0	0	0	0	0	2016-10-02
赵昊昌	1	0	0	0	0	0	0	2016-10-02
一叶纸鸢、千念	1	0	0	0	0	0	0	2016-10-02
鸣鸿刀丶	1	0	0	0	0	0	0	2016-10-02
牧羊﹣	1	0	0	0	0	0	0	2016-10-02
阮沐林	1	0	0	0	0	0	0	2016-10-02
破穿	1	0	0	0	0	0	0	2016-10-02
陈日阳	1	0	0	0	0	0	0	2016-10-02
寻梦翎	1	0	0	0	0	0	0	2016-10-02
丶古力豆	1	0	0	0	0	0	0	2016-10-02
提刀独立荡八荒	1	0	0	0	0	0	0	2016-10-02
兰陵唐九霄	1	0	0	0	0	0	0	2016-10-02
青丶玄	1	0	0	0	0	0	0	2016-10-02
浪琴	1	0	0	0	0	0	0	2016-10-02
逐凌	1	0	0	0	0	0	0	2016-10-02
古巷烟雨断桥殇	1	0.5	0	0	0	0	0	2016-10-02
拳脚相向1	1	0	0	0	0	0	0	2016-10-02
清新荷语	1	0	0	0	0	0	0	2016-10-02
神刀丶天降	1	0	0	0	0	0	0	2016-10-02
孟孟孟孟孟	1	0	0	0	0	0	0	2016-10-02
钟离听音丶	1	0	0	0	0	0	0	2016-10-02
浮生半日哦	1	0	0	0	0	0	0	2016-10-02
刺灰灰	1	0	0	0	0	0	0	2016-10-02
袅袅余音灬	1	0	0	0	0	0	0	2016-10-02
阎罗笑面佛	1	0	0	0	0	0	0	2016-10-02
天香国际	1	0	0	0	0	0	0	2016-10-02
梦回路人甲	1	0	0	0	0	0	0	2016-10-02
神异诀	1	0.5	0	0	0	0	0	2016-10-02
〃北梦木兮	1	0	0	0	0	0	0	2016-10-02
乌龙擦汗	1	0	0	0	0	0	0	2016-10-02
唐钰名	1	0	0	0	0	0	0	2016-10-02
剑老白	1	0	0	0	0	0	0	2016-10-02
贺兰丶宁儿	1	0	0	0	0	0	0	2016-10-02
峰卷残云	1	0	0	0	0	0	0	2016-10-02
留恋兰香	1	0	0	0	0	0	0	2016-10-02
白轻寒	1	0	0	0	0	0	0	2016-10-02
青丝枫凌	1	0	0	0	0	0	0	2016-10-02
张灵风	1	0	0	0	0	0	0	2016-10-02
颓废老男人	1	0	0	0	0	0	0	2016-10-02
工口字幕组	1	0	0	0	0	0	0	2016-10-02
代璟瑗	1	0.5	0	0	0	0	0	2016-10-02
眉间一点白	1	0	0	0	0	0	0	2016-10-02
慕容紫诺	1	0	0	0	0	0	0	2016-10-02
老滚	1	0	0	0	0	0	0	2016-10-02
我是天香的啊	1	0	0	0	0	0	0	2016-10-02
蕾拉宝宝	1	0	0	0	0	0	0	2016-10-02
叨叨	1	0	0	0	0	0	0	2016-10-02
雪丶无忆	1	0	0	0	0	0	0	2016-10-02
肖君言	1	0	0	0	0	0	0	2016-10-02
凤鸣秋	1	0.5	0	0	0	0	0	2016-10-02
剑舞天涯	1	0	0	0	0	0	0	2016-10-02
跑调的张学友	1	0	0	0	0	0	0	2016-10-02
沐伯乾	1	0	0	0	0	0	0	2016-10-02
右逝	1	0	0	0	0	0	0	2016-10-02
尼古拉丁猪	1	0	0	0	0	0	0	2016-10-02
转移你的心	1	0	0	0	0	0	0	2016-10-02
陈凌风	1	0	0	0	0	0	0	2016-10-02
白天敏	1	0	0	0	0	0	0	2016-10-02
碧眼狐狸、赵四	1	0	0	0	0	0	0	2016-10-02
kingdan	2	4	2	1.5	2	9	6	2016-10-02
皮蛋奶茶	2	3.5	2	1.5	2	9	6	2016-10-02
樱夢	2	4	2	1.5	1	8	6	2016-10-02
楪夢	2	4	2	1.5	1	8	6	2016-10-02
余子乔丶	2	3	1	1.5	2	7	6	2016-10-02
若以梦熙わ	2	4	2	1.5	0	7	6	2016-10-02
墨韵轩华	2	3.5	0	1.5	2	7	6	2016-10-02
シ流氓帅哥ジ	2	4	0	1	2	7	6	2016-10-02
百里蕾姆	2	4	0	1	2	7	6	2016-10-02
太极至尊	2	3	1	0.5	2	6	6	2016-10-02
唐道人	2	3.5	1	1	1	6	6	2016-10-02
凌渃尘	2	4	0	1	1	6	6	2016-10-02
怒怒怒怒火	2	4	0	0.5	1	5	5	2016-10-02
林峰。	2	3.5	0	1	1	5	5	2016-10-02
诸天花雨	2	2	0	1	2	5	5	2016-10-02
如酒如笙歌ゎ	2	2	2	1.5	0	5	5	2016-10-02
小菜鸟的夏天	2	2.5	2	0.5	0	5	5	2016-10-02
咲冭陽	2	1.5	2	1	0	4	4	2016-10-02
倾舞情儿	2	3	0	1.5	0	4	4	2016-10-02
拉轰小女子	2	2.5	0	1.5	0	4	4	2016-10-02
俱利摩	2	1	2	1	0	4	4	2016-10-02
醉夜玲珑	2	1	3	0	0	4	4	2016-10-02
离渊不破笑道人	2	1.5	0	0.5	1	3	3	2016-10-02
任离流	2	2.5	0	0	1	3	3	2016-10-02
这游戏真得难呀	2	1.5	0	1	1	3	3	2016-10-02
小白兔呀	2	2.5	0	1	0	3	3	2016-10-02
毒药奶茶	2	2	0	0	1	3	3	2016-10-02
丿慕容晚枫	2	3	0	0	0	3	3	2016-10-02
云海小明	2	1	0	0.5	1	2	2	2016-10-02
醉寞゛	2	0.5	0	1	1	2	2	2016-10-02
神威小枪将	2	1	0	0	1	2	2	2016-10-02
天韵、	2	0.5	0	0	2	2	2	2016-10-02
风冫刃	2	1	0	1	0	2	2	2016-10-02
￣放空	2	0.5	1	0	0	1	1	2016-10-02
求球	2	0	0	1	0	1	1	2016-10-02
娜迦海妖	2	1	0	0	0	1	1	2016-10-02
折影凤栖弦i	2	0	0	0	1	1	1	2016-10-02
荼薇与澈	2	0.5	0	1	0	1	1	2016-10-02
太阳骑士炮灰	2	0.5	1	0	0	1	1	2016-10-02
人生如戏荃靠演	2	0.5	1	0	0	1	1	2016-10-02
一个有内涵的人	2	0	1	0	0	1	1	2016-10-02
些许	2	0.5	1	0	0	1	1	2016-10-02
三千世界鴉杀尽	2	0.5	0	1	0	1	1	2016-10-02
淺笙	2	0	0	1	0	1	1	2016-10-02
武藏野剑太	2	0	1	0	0	1	1	2016-10-02
仪一兮	2	1	0	0	0	1	1	2016-10-02
回忆不曾悲伤	2	1	0	0	0	1	1	2016-10-02
小雪妖	2	1	0	0	0	1	1	2016-10-02
冷雪蝶	2	0	0	0	0	0	0	2016-10-02
孤影惊残梦	2	0	0	0	0	0	0	2016-10-02
惬兮	2	0	0	0	0	0	0	2016-10-02
贴心哒小胸罩	2	0	0	0	0	0	0	2016-10-02
锦綉繁华空城梦	2	0	0	0	0	0	0	2016-10-02
裴述	2	0	0	0	0	0	0	2016-10-02
卖萌的麦兜	2	0	0	0	0	0	0	2016-10-02
友善的大夫	2	0.5	0	0	0	0	0	2016-10-02
蓝云青飞	2	0	0	0	0	0	0	2016-10-02
与君共枕到天明	2	0	0	0	0	0	0	2016-10-02
宁似	2	0	0	0	0	0	0	2016-10-02
雪域星空	2	0	0	0	0	0	0	2016-10-02
花丶妃	2	0	0	0	0	0	0	2016-10-02
君无亦	2	0	0	0	0	0	0	2016-10-02
凱蒂喵	2	0	0	0	0	0	0	2016-10-02
千虚羽	2	0	0	0	0	0	0	2016-10-02
姬如影	2	0	0	0	0	0	0	2016-10-02
圈圈	2	0	0	0	0	0	0	2016-10-02
约翰丨兰博	2	0	0	0	0	0	0	2016-10-02
轻狂惊羽	2	0	0	0	0	0	0	2016-10-02
红毛	2	0	0	0	0	0	0	2016-10-02
梦中、有你	2	0	0	0	0	0	0	2016-10-02
北城初夏	2	0	0	0	0	0	0	2016-10-02
仁剑震音扬	2	0	0	0	0	0	0	2016-10-02
永恒永远十八岁	2	0	0	0	0	0	0	2016-10-02
叶楠楠	2	0	0	0	0	0	0	2016-10-02
夕阳如月	2	0	0	0	0	0	0	2016-10-02
电车丶痴汉	2	0	0	0	0	0	0	2016-10-02
我讨厌用名字	2	0	0	0	0	0	0	2016-10-02
落花维凉梦清幽	2	0	0	0.5	0	0	0	2016-10-02
不想昵称	2	0	0	0	0	0	0	2016-10-02
请叫欧巴丶	2	0	0	0	0	0	0	2016-10-02
廉念菡	2	0	0	0	0	0	0	2016-10-02
岑绿兰	2	0	0	0	0	0	0	2016-10-02
就要呵呵哒丶	2	0	0	0	0	0	0	2016-10-02
清喉丶	2	0	0	0	0	0	0	2016-10-02
落落清歡丶	2	0	0	0	0	0	0	2016-10-02
老阎爱小然	2	0	0	0	0	0	0	2016-10-02
丶羽墨灬	2	0	0	0	0	0	0	2016-10-02
詹翠曼	2	0	0	0	0	0	0	2016-10-02
陈耶比	2	0	0	0	0	0	0	2016-10-02
刁起奶嘴闯天下	2	0	0	0	0	0	0	2016-10-02
刀灵媛	2	0	0	0	0	0	0	2016-10-02
樱滿集丶	2	0	0	0	0	0	0	2016-10-02
世无休	2	0	0	0	0	0	0	2016-10-02
阿锟猫	2	0	0	0	0	0	0	2016-10-02
蓝白喵	2	0	0	0	0	0	0	2016-10-02
猫不语	2	0.5	0	0	0	0	0	2016-10-02
火之鸟	2	0	0	0	0	0	0	2016-10-02
蛮殇魂	2	0	0	0	0	0	0	2016-10-02
帅的惊天惊地	2	0	0	0	0	0	0	2016-10-02
啊耘哥丶	2	0	0	0	0	0	0	2016-10-02
椛灯	2	0	0	0	0	0	0	2016-10-02
糖糖哒	2	0	0	0	0	0	0	2016-10-02
吾寄愁心与明月	2	0	0	0	0	0	0	2016-10-02
红尘落雪月无痕	2	0	0	0	0	0	0	2016-10-02
ZzEvi11qRuxi	2	0	0	0	0	0	0	2016-10-02
持剑戦情场	2	0	0	0	0	0	0	2016-10-02
自古多得红颜泪	2	0	0	0	0	0	0	2016-10-02
唐糖～	2	0	0	0	0	0	0	2016-10-02
澄汁	2	0	0	0	0	0	0	2016-10-02
闭月羞	2	0	0	0	0	0	0	2016-10-02
魅丿无情	2	0	0	0	0	0	0	2016-10-02
董汉卿	2	0	0	0	0	0	0	2016-10-02
轻笑忘	2	0	0	0	0	0	0	2016-10-02
浮生一梦醉半生	2	0	0	0	0	0	0	2016-10-02
谁家娇妻守空房	2	0	0	0	0	0	0	2016-10-02
李心武	2	0	0	0	0	0	0	2016-10-02
唐霁丶	2	0	0	0	0	0	0	2016-10-02
红颜痴情笑	2	0	0	0	0	0	0	2016-10-02
石锅先生	2	0	0	0	0	0	0	2016-10-02
罗晓辑	2	0	0	0	0	0	0	2016-10-02
就叫玫瑰吧	2	0	0	0	0	0	0	2016-10-02
绑定小蜜的	2	0	0	0	0	0	0	2016-10-02
长孙阿凝	2	0	0	0	0	0	0	2016-10-02
刃歌	2	0	0	0	0	0	0	2016-10-02
童话话	2	0	0	0	0	0	0	2016-10-02
笑崖	2	0	0	0	0	0	0	2016-10-02
月影粟	2	0	0	0	0	0	0	2016-10-02
凡哥的父亲	2	0	0	0	0	0	0	2016-10-02
大光明里凤凰现	2	0	0	0	0	0	0	2016-10-02
犄角旮旯偷你人	2	0.5	0	0	0	0	0	2016-10-02
友善的若云	2	0.5	0	0	0	0	0	2016-10-02
叶舫庭	2	0	0	0	0	0	0	2016-10-02
冠希忘带摄影机	2	0	0	0	0	0	0	2016-10-02
昊帝丶	2	0	0	0	0	0	0	2016-10-02
水手丶卓爷	2	0	0	0	0	0	0	2016-10-02
Actors丶纤旧	2	0	0	0	0	0	0	2016-10-02
八块腹肌小官人	2	0	0	0	0	0	0	2016-10-02
倾国不倾城	2	0	0	0	0	0	0	2016-10-02
言白衣	2	0	0	0	0	0	0	2016-10-02
手中玫瑰赠予谁	2	0	0	0	0	0	0	2016-10-02
染琴	2	0	0	0	0	0	0	2016-10-02
纳加法	2	0	0	0	0	0	0	2016-10-02
长发飘飘跑	2	0	0	0	0	0	0	2016-10-02
飘羽湟	2	0	0	0	0	0	0	2016-10-02
猫笑夏花红衣香	2	0	0	0	0	0	0	2016-10-02
翰帝丶	2	0	0	0	0	0	0	2016-10-02
奶小牛丶	3	4	2	1.5	2	9	6	2016-10-02
水影悠兰	3	4	2	1.5	1	8	6	2016-10-02
潇洒仗剑天下	3	4	2	1	1	8	6	2016-10-02
冷清语	3	3.5	2	1.5	1	8	6	2016-10-02
素手绾青丝임	3	3.5	1	1.5	1	7	6	2016-10-02
荡荡	3	2.5	2	0	2	6	6	2016-10-02
青骢绝骑塑天荒	3	2.5	2	1	1	6	6	2016-10-02
冷如是丶	3	3.5	0	1	2	6	6	2016-10-02
东风路三狗蛋	3	3.5	0	1.5	1	6	6	2016-10-02
此情珂待	3	4	0	1	1	6	6	2016-10-02
午时已到小叨叨	3	3	0	0.5	2	5	5	2016-10-02
充气奶茶	3	2.5	1	1	1	5	5	2016-10-02
等我买杯奶茶	3	3.5	1	0	1	5	5	2016-10-02
那年今若、	3	2.5	2	0	1	5	5	2016-10-02
冷晓汐丶	3	3.5	0	0.5	1	5	5	2016-10-02
伊贰叁	3	2	1	1	1	5	5	2016-10-02
刀之芳华	3	1.5	1	1.5	1	5	5	2016-10-02
紫雨幽雲	3	2.5	1	1.5	0	5	5	2016-10-02
框框	3	2.5	1	0	1	4	4	2016-10-02
墨炽	3	2	0	1.5	1	4	4	2016-10-02
艾莉亞史塔克	3	3	0	1.5	0	4	4	2016-10-02
浩浩丶浩	3	2.5	1	1	0	4	4	2016-10-02
那年红颜	3	2.5	1	1	0	4	4	2016-10-02
煌煌	3	2.5	0	0	1	3	3	2016-10-02
神锤开山大梵天	3	2	0	0.5	1	3	3	2016-10-02
踏马清月夜	3	1.5	0	0	2	3	3	2016-10-02
青城爱未恋	3	1	1	0	1	3	3	2016-10-02
蝶舞旧梦	3	1	1	0	1	3	3	2016-10-02
夜ぃ如戏吖	3	2.5	0	0	1	3	3	2016-10-02
七情剑伶慕容英	3	0.5	2	1	0	3	3	2016-10-02
之绵	3	3	0	0.5	0	3	3	2016-10-02
✣✣✣玲珑骰ゞ	3	2.5	0	1	0	3	3	2016-10-02
关翔予	3	1.5	2	0	0	3	3	2016-10-02
冷语情	3	0	0	0	2	2	2	2016-10-02
套套嗷呜	3	1.5	0	0	1	2	2	2016-10-02
㏑ゞ初心ノ	3	1	0	0	1	2	2	2016-10-02
小心有诈哦	3	1.5	0	0	1	2	2	2016-10-02
青羽墨染云	3	2.5	0	0	0	2	2	2016-10-02
之锦	3	0.5	2	0	0	2	2	2016-10-02
叶企鹅	3	2	0	0	0	2	2	2016-10-02
濯清莲而不妖	3	1	0	1	0	2	2	2016-10-02
空虚公子萧四无	3	2	0	0	0	2	2	2016-10-02
可爱琳	3	2	0	0	0	2	2	2016-10-02
魔法少女杜芸松	3	2	0	0	0	2	2	2016-10-02
东瀛浪人展梦魂	3	0.5	0	0	1	1	1	2016-10-02
仐仐、	3	0.5	0	0	1	1	1	2016-10-02
二狗娃	3	1	0	0	0	1	1	2016-10-02
帅气无敌康爸爸	3	1	0	0.5	0	1	1	2016-10-02
叶枫刃	3	1.5	0	0	0	1	1	2016-10-02
素衣点梅妆	3	0.5	0	1	0	1	1	2016-10-02
唐舞桐灬	3	1	0	0	0	1	1	2016-10-02
苍镜	3	1.5	0	0	0	1	1	2016-10-02
丶吴宇森	3	0.5	0	1	0	1	1	2016-10-02
其实是句号	3	1	0	0	0	1	1	2016-10-02
天下芒果	3	0	0	0.5	1	1	1	2016-10-02
青丝如沫	3	0.5	0	0.5	0	1	1	2016-10-02
五六柒	3	1	0	0	0	1	1	2016-10-02
卑鄙的熊猫	3	1.5	0	0	0	1	1	2016-10-02
冷清初	3	1.5	0	0	0	1	1	2016-10-02
彼眸	3	0	0	0	0	0	0	2016-10-02
伐青	3	0	0	0	0	0	0	2016-10-02
最可爱的师姐	3	0	0	0	0	0	0	2016-10-02
莫倾城灬	3	0	0	0	0	0	0	2016-10-02
乏乏	3	0	0	0	0	0	0	2016-10-02
剣殊雨寒丶	3	0	0	0	0	0	0	2016-10-02
蠢小椰丶	3	0	0	0	0	0	0	2016-10-02
九袋丐	3	0	0	0	0	0	0	2016-10-02
神奇宝贝杨尼玛	3	0	0	0	0	0	0	2016-10-02
木易丶凝烟	3	0	0	0	0	0	0	2016-10-02
山高丶木易	3	0	0	0	0	0	0	2016-10-02
好想告诉伱	3	0	0	0	0	0	0	2016-10-02
落花丶醉	3	0	0	0	0	0	0	2016-10-02
顾里丶	3	0	0	0	0	0	0	2016-10-02
赤月染红尘	3	0	0	0	0	0	0	2016-10-02
小兔兔几	3	0	0	0	0	0	0	2016-10-02
迷茫中徘徊	3	0	0	0	0	0	0	2016-10-02
二瞳	3	0	0	0	0	0	0	2016-10-02
风暖伤	3	0	0	0	0	0	0	2016-10-02
转身落尽空城泪	3	0	0	0	0	0	0	2016-10-02
马来西亚的咪咪	3	0	0	0	0	0	0	2016-10-02
龙灬泉	3	0	0	0	0	0	0	2016-10-02
顾寻清	3	0	0	0	0	0	0	2016-10-02
萝卜土豆丝	3	0	0	0	0	0	0	2016-10-02
追风少年鹰老七	3	0	0	0	0	0	0	2016-10-02
伊似君心	3	0	0	0	0	0	0	2016-10-02
等我出轻语	3	0	0	0.5	0	0	0	2016-10-02
魔眼	3	0	0	0	0	0	0	2016-10-02
酱油酱紫	3	0	0	0	0	0	0	2016-10-02
祠下	3	0	0	0	0	0	0	2016-10-02
夜雨流年	3	0	0	0	0	0	0	2016-10-02
Yada丶leo	3	0	0	0	0	0	0	2016-10-02
一丿登	3	0	0	0	0	0	0	2016-10-02
志方	3	0	0	0	0	0	0	2016-10-02
微澜〃	3	0	0	0	0	0	0	2016-10-02
幽冥泪	3	0	0	0	0	0	0	2016-10-02
轩辕疯疯	3	0	0	0	0	0	0	2016-10-02
白衣卿卿	3	0	0	0	0	0	0	2016-10-02
司寇听雨	3	0	0	0	0	0	0	2016-10-02
凋零之光	3	0	0	0	0	0	0	2016-10-02
月牙冲天	3	0	0	0	0	0	0	2016-10-02
入梦落樱满熏香	3	0	0	0	0	0	0	2016-10-02
天使去要饭丶	3	0.5	0	0	0	0	0	2016-10-02
伱的酒窝没有酒	3	0	0	0	0	0	0	2016-10-02
宫离嫣	3	0	0	0	0	0	0	2016-10-02
友善的小内衣	3	0	0	0	0	0	0	2016-10-02
歌风路丶三狗蛋	3	0	0	0	0	0	0	2016-10-02
冉灬子墨	3	0	0	0	0	0	0	2016-10-02
琴瑟以歌	3	0	0	0	0	0	0	2016-10-02
柒果果	3	0	0	0	0	0	0	2016-10-02
纯洁友善的殇	3	0	0	0	0	0	0	2016-10-02
洪时雪	3	0	0	0	0	0	0	2016-10-02
Yennefer	3	0	0	0	0	0	0	2016-10-02
茶凉言尽丶	3	0	0	0	0	0	0	2016-10-02
瑶君	3	0	0	0	0	0	0	2016-10-02
纯情少妇马芳玲	3	0	0	0	0	0	0	2016-10-02
纯洁友善的暮夏	3	0	0	0	0	0	0	2016-10-02
妄于	3	0	0	0	0	0	0	2016-10-02
阿翔翔	3	0	0	0	0	0	0	2016-10-02
恶酒。	3	0	0	0	0	0	0	2016-10-02
彡电竞丿柯南乄	3	0	0	0	0	0	0	2016-10-02
徐耶比	3	0	0	0	0	0	0	2016-10-02
紫舞流年	3	0	0	0	0	0	0	2016-10-02
凉情负	3	0	0	0	0	0	0	2016-10-02
冬瓜小荞	3	0	0	0	0	0	0	2016-10-02
丶大航母	3	0	0	0	0	0	0	2016-10-02
青春亮丽欣妈妈	3	0	0	0	0	0	0	2016-10-02
嚜韵轩華	3	0	0	0	0	0	0	2016-10-02
青絮丶	3	0	0	0.5	0	0	0	2016-10-02
燕雨莲	3	0	0	0	0	0	0	2016-10-02
东风路大狗蛋	3	0	0	0	0	0	0	2016-10-02
项辰帝	3	0	0	0	0	0	0	2016-10-02
锦衣卫知秋	3	0	0	0	0	0	0	2016-10-02
一根直肠通大脑	3	0	0	0	0	0	0	2016-10-02
碧蝶拉朽	3	0	0	0	0	0	0	2016-10-02
一息衍一	3	0	0	0	0	0	0	2016-10-02
叶菡	3	0	0	0	0	0	0	2016-10-02
橘子汁丶	3	0	0	0	0	0	0	2016-10-02
储舜	3	0	0	0	0	0	0	2016-10-02
Sunnyboy丶桔子	3	0	0	0	0	0	0	2016-10-02
冉灬子灬墨	3	0	0	0	0	0	0	2016-10-02
教堂里听丿情歌	3	0	0	0	0	0	0	2016-10-02
鱼香	4	3.5	2	1.5	2	9	6	2016-10-02
天语灬幻影	4	4	2	1.5	1	8	6	2016-10-02
茴香。	4	3.5	0	1.5	2	7	6	2016-10-02
口味太怪	4	4	1	1	1	7	6	2016-10-02
薏苡。	4	4	0	1.5	1	6	6	2016-10-02
太子彬	4	4	0	1.5	1	6	6	2016-10-02
墨萧炎	4	4	0	1.5	1	6	6	2016-10-02
伯爵奶茶	4	3.5	1	0.5	1	6	6	2016-10-02
时光不矜持	4	4	1	0	1	6	6	2016-10-02
如殇如暮歌ゎ	4	3.5	0	1.5	1	6	6	2016-10-02
晓月梦澈	4	4	0	1	1	6	6	2016-10-02
再见是否红着脸	4	2.5	1	0.5	1	5	5	2016-10-02
如酒如清歌ゎ	4	2	1	0	2	5	5	2016-10-02
树儿高高长	4	2	0	1	2	5	5	2016-10-02
凉城薇梦	4	3	0	1	1	5	5	2016-10-02
FateScorpio	4	2.5	0	1.5	1	5	5	2016-10-02
冬眠的团子	4	3.5	0	1.5	0	5	5	2016-10-02
众人皆醒我独醉	4	2	0	1	1	4	4	2016-10-02
襄州牛头梗	4	2.5	1	1	0	4	4	2016-10-02
FateLibra	4	3	0	1.5	0	4	4	2016-10-02
荆轲已逝高渐离	4	2	2	0	0	4	4	2016-10-02
五毒小师妹丶凤	4	1.5	0	1	1	3	3	2016-10-02
剑惜玉	4	2.5	0	0	1	3	3	2016-10-02
如风如雅歌ゎ	4	1.5	0	0.5	1	3	3	2016-10-02
丐帮汪剑通	4	2.5	0	1	0	3	3	2016-10-02
梨花黛雨	4	2.5	0	1	0	3	3	2016-10-02
薛无衡	4	2.5	0	1	0	3	3	2016-10-02
苏幕清	4	2.5	0	0.5	0	3	3	2016-10-02
执劍小书生	4	1.5	0	0.5	1	3	3	2016-10-02
春困的团子	4	1	0	1.5	0	2	2	2016-10-02
榕月	4	0	2	0	0	2	2	2016-10-02
超人不会飞〃	4	1.5	0	0	1	2	2	2016-10-02
萧劲城	4	1.5	0	0.5	0	2	2	2016-10-02
帝喾	4	0	1	1.5	0	2	2	2016-10-02
黑泽丶纱重	4	0.5	0	1.5	0	2	2	2016-10-02
黑泽丶八重	4	0.5	0	1.5	0	2	2	2016-10-02
呆の暖心	4	0	2	0	0	2	2	2016-10-02
陌路莫回	4	2	0	0	0	2	2	2016-10-02
汪映雪	4	1.5	0	0	0	1	1	2016-10-02
巴蜀萨摩耶	4	0	0	1	0	1	1	2016-10-02
如狂如啸歌ゎ	4	1	0	0.5	0	1	1	2016-10-02
李心雨	4	0.5	0	0.5	0	1	1	2016-10-02
如清如影歌ゎ	4	1.5	0	0	0	1	1	2016-10-02
与川饮。	4	0	0	1.5	0	1	1	2016-10-02
胡大力	4	1.5	0	0	0	1	1	2016-10-02
明婕	4	1	0	0	0	1	1	2016-10-02
冷烂人灬	4	0	0	0	0	0	0	2016-10-02
守护锋	4	0	0	0	0	0	0	2016-10-02
希希希丶汐	4	0	0	0	0	0	0	2016-10-02
大大大大西瓜丶	4	0	0	0	0	0	0	2016-10-02
咸鱼天香	4	0	0	0	0	0	0	2016-10-02
夜冥雪	4	0	0	0	0	0	0	2016-10-02
雪遥	4	0	0	0	0	0	0	2016-10-02
灼颜	4	0	0	0	0	0	0	2016-10-02
笑看浮华红尘事	4	0	0	0	0	0	0	2016-10-02
慕瑾遥	4	0	0	0	0	0	0	2016-10-02
颂碑寒	4	0	0	0	0	0	0	2016-10-02
、陌上看花	4	0	0	0	0	0	0	2016-10-02
柠小檬丶	4	0	0	0	0	0	0	2016-10-02
邱少	4	0	0	0	0	0	0	2016-10-02
浮生半日	4	0.5	0	0	0	0	0	2016-10-02
真爱一定有颜色	4	0.5	0	0	0	0	0	2016-10-02
冷沐瞳	4	0	0	0	0	0	0	2016-10-02
无爱别演	4	0	0	0	0	0	0	2016-10-02
回头我就在身后	4	0	0	0	0	0	0	2016-10-02
钟离三昧	4	0	0	0	0	0	0	2016-10-02
冷汐宇	4	0	0	0	0	0	0	2016-10-02
千雪冰鳳	4	0	0	0	0	0	0	2016-10-02
沉珠	4	0	0	0	0	0	0	2016-10-02
秋风飘零花海	4	0	0	0	0	0	0	2016-10-02
慕城雪	4	0	0	0	0	0	0	2016-10-02
无所不能小奇葩	4	0	0	0	0	0	0	2016-10-02
一叶知秋づ	4	0	0	0	0	0	0	2016-10-02
逍遥芙蕖	4	0	0	0	0	0	0	2016-10-02
月夜凉	4	0	0	0	0	0	0	2016-10-02
丶天蓝色	4	0	0	0	0	0	0	2016-10-02
半日丶浮生	4	0	0	0	0	0	0	2016-10-02
红丶雪	4	0	0	0	0	0	0	2016-10-02
夏又離	4	0	0	0	0	0	0	2016-10-02
淡然置之	4	0	0	0	0	0	0	2016-10-02
浪哩个浪	4	0	0	0	0	0	0	2016-10-02
F丨小乖	4	0	0	0	0	0	0	2016-10-02
丶神楽	4	0	0	0	0	0	0	2016-10-02
烈凝风	4	0	0	0	0	0	0	2016-10-02
秦友善。	4	0	0	0	0	0	0	2016-10-02
唐卿凝	4	0	0	0	0	0	0	2016-10-02
余夜阑珊	4	0	0	0	0	0	0	2016-10-02
易小川	4	0	0	0	0	0	0	2016-10-02
凉山伯	4	0	0	0	0	0	0	2016-10-02
语丶殇	4	0	0	0	0	0	0	2016-10-02
偌米粥丶	4	0	0	0	0	0	0	2016-10-02
贴心哒小棉鞋	4	0	0	0	0	0	0	2016-10-02
樱桃さま	4	0	0	0	0	0	0	2016-10-02
葉窕	4	0	0	0	0	0	0	2016-10-02
琉璎	4	0	0	0	0	0	0	2016-10-02
辉辉辉辉丶輝	4	0	0	0	0	0	0	2016-10-02
太极魔尊	4	0	0	0	0	0	0	2016-10-02
雪糕失望	4	0	0	0	0	0	0	2016-10-02
鱼爸爸	4	0	0	0	0	0	0	2016-10-02
琴韵红衣丶心	4	0	0	0	0	0	0	2016-10-02
企及	4	0	0	0	0	0	0	2016-10-02
神威司空阿龙	4	0	0	0	0	0	0	2016-10-02
黛眉妖娆	4	0	0	0	0	0	0	2016-10-02
务必叫我欧皇	4	0	0	0	0	0	0	2016-10-02
檀羽冲	4	0	0	0	0	0	0	2016-10-02
Jocelyn	4	0	0	0	0	0	0	2016-10-02
素以折扇	4	0	0	0	0	0	0	2016-10-02
潇潇暮雨	4	0	0	0	0	0	0	2016-10-02
丶薛日天	4	0	0	0	0	0	0	2016-10-02
墨語丶	4	0	0	0	0	0	0	2016-10-02
辛风夕	4	0	0	0	0	0	0	2016-10-02
叶天簌	4	0	0	0	0	0	0	2016-10-02
辉煌PT	4	0	0	0	0	0	0	2016-10-02
千怀	4	0	0	0	0	0	0	2016-10-02
落叶秋雨	4	0	0	0	0	0	0	2016-10-02
别碰我的葫芦	4	0	0	0	0	0	0	2016-10-02
花儿盛盛开	4	0	0	0	0	0	0	2016-10-02
墨韵玄风	4	0	0	0	0	0	0	2016-10-02
宋画蝶	4	0	0	0	0	0	0	2016-10-02
兮颜洛水	4	0	0	0	0	0	0	2016-10-02
安好晴天	4	0	0	0	0	0	0	2016-10-02
狄万钧	4	0.5	0	0	0	0	0	2016-10-02
sad自行车	4	0	0	0	0	0	0	2016-10-02
暮小曦丶	4	0	0	0	0	0	0	2016-10-02
神威再见	4	0	0	0	0	0	0	2016-10-02
万年孤独	4	0	0	0	0	0	0	2016-10-02
壬生京大郎	4	0	0	0	0	0	0	2016-10-02
维桢	4	0	0	0	0	0	0	2016-10-02
丶忍野咩咩	4	0	0	0	0	0	0	2016-10-02
上官妙玥	4	0	0	0	0	0	0	2016-10-02
君i陌离	4	0	0	0	0	0	0	2016-10-02
从前玩真武	4	0	0	0	0	0	0	2016-10-02
惜玉挽轻裳	4	0	0	0.5	0	0	0	2016-10-02
太白洗衣液	4	0	0	0	0	0	0	2016-10-02
丐帮金鹏长老	4	0	0	0	0	0	0	2016-10-02
皈依奶小牛丶	4	0	0	0	0	0	0	2016-10-02
鹅几	4	0	0	0	0	0	0	2016-10-02
慕榕月	4	0	0	0	0	0	0	2016-10-02
曲终无意	4	0	0	0	0	0	0	2016-10-02
柒苍术的小傀儡	4	0	0	0	0	0	0	2016-10-02
与山歌。	4	0	0	0	0	0	0	2016-10-02
泪忆寒、	4	0	0	0	0	0	0	2016-10-02
遇之则感。	4	0	0	0	0	0	0	2016-10-02
超懒的阿元呀	4	0	0	0	0	0	0	2016-10-02
酒倾轻竹影	4	0	0	0	0	0	0	2016-10-02
