唐门王俊凯	1	4.5	2	2	2	10	6	8/28/2016
浪迹小秦	1	4.5	3	1	2	10	6	8/28/2016
零拾	1	3.5	3	1	2	9	6	8/28/2016
折扇浪漫	1	3.5	3	1	2	9	6	8/28/2016
Mn丶猫猫君	1	4.5	2	1	2	9	6	8/28/2016
与尔同销萬古愁	1	3.5	3	1	2	9	6	8/28/2016
只想做个好人	1	4.5	3	1	1	9	6	8/28/2016
尐浣熊。	1	4.5	1	1	2	8	6	8/28/2016
a逼c迪e诶扶鸡	1	4	3	1	1	9	6	8/28/2016
墨河	1	4	2	1	2	9	6	8/28/2016
迟歌	1	4.5	1	1	2	8	6	8/28/2016
阴萤儿	1	3.5	2	1	2	8	6	8/28/2016
百里轩翊	1	2	3	1	2	8	6	8/28/2016
大眼睛秋秋	1	2.5	1	1	2	6	6	8/28/2016
沐伯乾	1	4	1	1	1	7	6	8/28/2016
梦觞丶	1	2.5	1	1	2	6	6	8/28/2016
〃北梦木兮	1	4	0	1	2	7	6	8/28/2016
花兮兮兮兮	1	2.5	1	0.5	2	6	6	8/28/2016
吕小栋	1	2.5	2	0	2	6	6	8/28/2016
蛋蛋疍	1	4	1	0.5	1	6	6	8/28/2016
霸天梦	1	3.5	1	0.5	1	6	6	8/28/2016
秋末黑白	1	2.5	0	1	2	5	5	8/28/2016
除了帅还有酷	1	3	2	1	0	6	6	8/28/2016
赵昊昌	1	1	1	1	2	5	5	8/28/2016
鱼丶大大	1	2	1	1	1	5	5	8/28/2016
絮絮叨叨的刀	1	3	1	0.5	1	5	5	8/28/2016
霸天倪	1	1.5	1	0	1	3	3	8/28/2016
霸天懒	1	3	1	0	0	4	4	8/28/2016
奥利奥。巧轻脆	1	3.5	0	0.5	0	4	4	8/28/2016
霸天清	1	2.5	1	0	0	3	3	8/28/2016
异逍遥	1	3.5	0	0.5	0	4	4	8/28/2016
神恋丶鱼柒锦	1	3	1	0	0	4	4	8/28/2016
霸天湿	1	2.5	1	0	0	3	3	8/28/2016
霸天呆呆	1	1	1	0	1	3	3	8/28/2016
我要出紫属性啊	1	1	1	0.5	1	3	3	8/28/2016
比逗是念着反	1	0.5	0	0.5	2	3	3	8/28/2016
辛晗	1	2	0	0.5	1	3	3	8/28/2016
玉色雪花	1	1	0	1	1	3	3	8/28/2016
北溟有渔曰萌	1	1.5	1	1	0	3	3	8/28/2016
小阿淮呀	1	3	0	0	0	3	3	8/28/2016
明年今日奕十年	1	3	0	0	0	3	3	8/28/2016
古巷烟雨断桥殇	1	2	1	0	0	3	3	8/28/2016
霸天胖	1	1.5	1	0	0	2	2	8/28/2016
霸天糕	1	0	1	0	1	2	2	8/28/2016
南宫絮语	1	0	0	1	1	2	2	8/28/2016
一梦换须臾	1	0.5	1	1	0	2	2	8/28/2016
√蓝莓巧克力丶	1	0.5	0	0	1	1	1	8/28/2016
俱是梦中人	1	0	2	0	0	2	2	8/28/2016
跨越七海的风。	1	0.5	1	0	0	1	1	8/28/2016
我老婆是智障	1	0.5	1	0	0	1	1	8/28/2016
刺灰灰	1	0	1	1	0	2	2	8/28/2016
霸天彩	1	1.5	1	0	0	2	2	8/28/2016
蘃	1	0.5	0	0	1	1	1	8/28/2016
跟寂寞再和好丶	1	0	0	0.5	1	1	1	8/28/2016
张灵风	1	0	0	0	1	1	1	8/28/2016
江左ゝ吃糖	1	0.5	1	0	0	1	1	8/28/2016
箫布吉	1	0.5	0	0	1	1	1	8/28/2016
南巷末枝	1	1	0	0.5	0	1	1	8/28/2016
织影拾云	1	0	1	0	0	1	1	8/28/2016
栖零刻	1	0.5	0	1	0	1	1	8/28/2016
棠棠	1	1	0	0	0	1	1	8/28/2016
喝脉动割动脉	1	1	0	0	0	1	1	8/28/2016
霸天叔	1	0	1	0	0	1	1	8/28/2016
仼小三	1	1	0	0	0	1	1	8/28/2016
破穿	1	0	0	1	0	1	1	8/28/2016
我是萝卜啊	1	0	0	0	1	1	1	8/28/2016
梦醒时见你；	1	0	0	0	1	1	1	8/28/2016
留恋兰香	1	0	0	0	1	1	1	8/28/2016
冷殘心	1	0.5	0	0	0	0	0	8/28/2016
雪の下八幡	1	0	0	0	0	0	0	8/28/2016
剑圣灬独孤求败	1	0	0	0	0	0	0	8/28/2016
慕落弦	1	0	0	0	0	0	0	8/28/2016
柒叶浅	1	0	0	0	0	0	0	8/28/2016
劳资好萌好可爱	1	0	0	0	0	0	0	8/28/2016
秋叶微寒	1	0	0	0	0	0	0	8/28/2016
明月多情笑我怪	1	0	0	0	0	0	0	8/28/2016
暮雪醉逍遥	1	0.5	0	0	0	0	0	8/28/2016
素蝶	1	0	0	0	0	0	0	8/28/2016
时钟轻摇孤独	1	0	0	0	0	0	0	8/28/2016
凰荼歌	1	0	0	0	0	0	0	8/28/2016
巡山的人	1	0	0	0	0	0	0	8/28/2016
神么刀	1	0	0	0	0	0	0	8/28/2016
忘羡一曲远	1	0	0	0	0	0	0	8/28/2016
丶若芷	1	0	0	0	0	0	0	8/28/2016
农奴翻身当地主	1	0	0	0	0	0	0	8/28/2016
薛涛笺	1	0	0	0	0	0	0	8/28/2016
SouLmAte、小狼	1	0	0	0	0	0	0	8/28/2016
我的名字叫回忆	1	0	0	0	0	0	0	8/28/2016
神荼夜	1	0	0	0	0	0	0	8/28/2016
墨如渊	1	0	0	0	0	0	0	8/28/2016
冷霜刃	1	0	0	0	0	0	0	8/28/2016
太极神尊	1	0.5	0	0	0	0	0	8/28/2016
一时春色	1	0	0	0	0	0	0	8/28/2016
独孤沐白	1	0	0	0	0	0	0	8/28/2016
ジSunshineづ	1	0	0	0	0	0	0	8/28/2016
白素。	1	0	0	0	0	0	0	8/28/2016
丶似有若无	1	0	0	0	0	0	0	8/28/2016
练武风化	1	0	0	0	0	0	0	8/28/2016
严秋月	1	0	0	0	0	0	0	8/28/2016
乱世萧	1	0	0	0	0	0	0	8/28/2016
墨泓	1	0	0	0	0	0	0	8/28/2016
沐玉洁	1	0	0	0	0	0	0	8/28/2016
晓晨晨晨	1	0	0	0	0	0	0	8/28/2016
一叶纸鸢、千念	1	0	0	0	0	0	0	8/28/2016
丶樱桃酱	1	0	0	0	0	0	0	8/28/2016
牧羊﹣	1	0	0	0	0	0	0	8/28/2016
叶榖城	1	0	0	0	0	0	0	8/28/2016
丶古力豆	1	0	0	0	0	0	0	8/28/2016
提刀独立荡八荒	1	0	0	0	0	0	0	8/28/2016
兰陵唐九霄	1	0	0	0	0	0	0	8/28/2016
袅袅余音灬	1	0	0	0	0	0	0	8/28/2016
青丶玄	1	0	0	0	0	0	0	8/28/2016
唐钰名	1	0	0	0	0	0	0	8/28/2016
少年阿波	1	0	0	0	0	0	0	8/28/2016
浪琴	1	0	0	0	0	0	0	8/28/2016
何如此地学长生	1	0	0	0	0	0	0	8/28/2016
逐凌	1	0	0	0	0	0	0	8/28/2016
清新荷语	1	0	0	0	0	0	0	8/28/2016
神刀丶天降	1	0	0	0	0	0	0	8/28/2016
钟离听音丶	1	0	0	0	0	0	0	8/28/2016
颓废老男人	1	0	0	0.5	0	0	0	8/28/2016
眉间一点白	1	0	0	0	0	0	0	8/28/2016
北夕寒笙丶	1	0	0	0.5	0	0	0	8/28/2016
天香国际	1	0	0	0	0	0	0	8/28/2016
梦回路人甲	1	0	0	0	0	0	0	8/28/2016
剑老白	1	0	0	0	0	0	0	8/28/2016
贺兰丶宁儿	1	0	0	0	0	0	0	8/28/2016
齿虎	1	0	0	0	0	0	0	8/28/2016
白轻寒	1	0	0	0	0	0	0	8/28/2016
青丝枫凌	1	0	0	0	0	0	0	8/28/2016
澪澪	1	0	0	0	0	0	0	8/28/2016
风海一刀	1	0	0	0	0	0	0	8/28/2016
李雨轩	1	0	0	0	0	0	0	8/28/2016
玉面天魁	1	0	0	0	0	0	0	8/28/2016
老滚	1	0	0	0	0	0	0	8/28/2016
我是天香的啊	1	0	0	0	0	0	0	8/28/2016
叨叨	1	0	0	0	0	0	0	8/28/2016
雪丶无忆	1	0	0	0	0	0	0	8/28/2016
凤鸣秋	1	0	0	0	0	0	0	8/28/2016
剑舞天涯	1	0	0	0	0	0	0	8/28/2016
跑调的张学友	1	0	0	0	0	0	0	8/28/2016
妲己丶别这样	1	0	0	0	0	0	0	8/28/2016
右逝	1	0	0	0	0	0	0	8/28/2016
我是赵医生	1	0	0	0	0	0	0	8/28/2016
唐门仐少	1	0	0	0	0	0	0	8/28/2016
陈凌风	1	0	0	0	0	0	0	8/28/2016
失落の小猫咪	1	0	0	0	0	0	0	8/28/2016
比剑哥还贱	1	0	0	0	0	0	0	8/28/2016
丿流年灬Cc	1	0	0	0	0	0	0	8/28/2016
碧眼狐狸、赵四	1	0	0	0	0	0	0	8/28/2016
墨韵轩华	2	4.5	3	1	2	10	6	8/28/2016
淺笙	2	4.5	2	1	2	9	6	8/28/2016
楪夢	2	4.5	2	1	2	9	6	8/28/2016
凌渃尘	2	4.5	2	0	2	8	6	8/28/2016
丶伴我几度	2	4.5	2	1	1	8	6	8/28/2016
悠酒幽	2	3.5	2	0.5	2	8	6	8/28/2016
仁剑震音扬	2	3	2	0.5	2	7	6	8/28/2016
樱夢	2	3	2	1	2	8	6	8/28/2016
俱利摩	2	3.5	0	1	2	6	6	8/28/2016
ゝゝ脏花花。	2	4.5	0	1	1	6	6	8/28/2016
闭月羞	2	4.5	0	1	1	6	6	8/28/2016
下山博蛋	2	2.5	1	0.5	2	6	6	8/28/2016
太极至尊	2	3	1	1	1	6	6	8/28/2016
余子乔丶	2	3.5	0	1	2	6	6	8/28/2016
百里蕾姆	2	4.5	0	0.5	1	6	6	8/28/2016
GoldㅈExperie	2	3	0	0.5	2	5	5	8/28/2016
逍遥叹ˉ	2	3	1	0	2	6	6	8/28/2016
诸天花雨	2	1.5	0	1	2	4	4	8/28/2016
倾舞情儿	2	0.5	2	1	1	4	4	8/28/2016
白马落叶总相依	2	2.5	1	1	1	5	5	8/28/2016
凯	2	2	1	0	2	5	5	8/28/2016
kingdan	2	2.5	1	0	1	4	4	8/28/2016
汐月暮云	2	2	0	0.5	1	3	3	8/28/2016
椛灯	2	1	1	1	1	4	4	8/28/2016
君須怜我	2	2.5	1	0.5	0	4	4	8/28/2016
梦丶拾玖	2	1.5	1	0	2	4	4	8/28/2016
吾寄愁心与明月	2	2.5	0	0.5	0	3	3	8/28/2016
醉夜玲珑	2	1	1	1	0	3	3	8/28/2016
言白衣	2	1.5	1	0.5	0	3	3	8/28/2016
影流皇族	2	0	0	1	1	2	2	8/28/2016
轻狂惊羽	2	0.5	0	0.5	1	2	2	8/28/2016
云海小明	2	0.5	0	0.5	1	2	2	8/28/2016
怒怒怒怒火	2	1	0	1	0	2	2	8/28/2016
一个有内涵的人	2	0.5	1	1	0	2	2	8/28/2016
阑珊	2	0	1	0	1	2	2	8/28/2016
不穿内裤好凉爽	2	0	0	0	1	1	1	8/28/2016
花炮炮炮炮	2	0	0	0.5	1	1	1	8/28/2016
南邦佳人呀	2	1	0	0.5	0	1	1	8/28/2016
琴瑟风声绝	2	0	0	0	1	1	1	8/28/2016
坤哥的私宠	2	0	0	0	1	1	1	8/28/2016
落落清歡丶	2	0	0	0	1	1	1	8/28/2016
可跳得浩爸爸	2	0	1	0	0	1	1	8/28/2016
惬兮	2	1	0	0	0	1	1	8/28/2016
白凌汐	2	0	1	0	0	1	1	8/28/2016
叶舫庭	2	0	0	0	1	1	1	8/28/2016
裴述	2	0.5	0	0.5	0	1	1	8/28/2016
小水	2	0	1	0	0	1	1	8/28/2016
卖萌的麦兜	2	0	0	0	0	0	0	8/28/2016
小马的天	2	0	0	0	0	0	0	8/28/2016
南眸	2	0	0	0	0	0	0	8/28/2016
友善的大夫	2	0	0	0	0	0	0	8/28/2016
落墨点淸颜	2	0	0	0	0	0	0	8/28/2016
肾亏道人	2	0	0	0	0	0	0	8/28/2016
墨殇浅辰	2	0	0	0	0	0	0	8/28/2016
咲冭陽	2	0	0	0	0	0	0	8/28/2016
雪域星空	2	0	0	0	0	0	0	8/28/2016
花丶妃	2	0	0	0	0	0	0	8/28/2016
西决决哈哈哈	2	0	0	0	0	0	0	8/28/2016
君无亦	2	0	0	0	0	0	0	8/28/2016
凱蒂喵	2	0	0	0	0	0	0	8/28/2016
不爱喝芬达	2	0	0	0	0	0	0	8/28/2016
宫黎妍	2	0	0	0	0	0	0	8/28/2016
千虚羽	2	0	0	0	0	0	0	8/28/2016
姬如影	2	0	0	0	0	0	0	8/28/2016
耳垂	2	0	0	0	0	0	0	8/28/2016
太阳骑士炮灰	2	0.5	0	0	0	0	0	8/28/2016
凤栖梧桐叶	2	0	0	0	0	0	0	8/28/2016
回忆不曾悲伤	2	0	0	0	0	0	0	8/28/2016
圈圈	2	0	0	0	0	0	0	8/28/2016
清风不染尘	2	0	0	0	0	0	0	8/28/2016
丶七七七七夜	2	0	0	0	0	0	0	8/28/2016
寶寶兒	2	0	0	0	0	0	0	8/28/2016
不爱喝雪碧	2	0	0	0	0	0	0	8/28/2016
忆在	2	0	0	0	0	0	0	8/28/2016
红毛	2	0	0	0	0	0	0	8/28/2016
蓦然回首、清酌	2	0	0	0	0	0	0	8/28/2016
叫我鱼塘总裁丶	2	0	0	0	0	0	0	8/28/2016
北城初夏	2	0	0	0	0	0	0	8/28/2016
小雪妖	2	0	0	0	0	0	0	8/28/2016
永恒永远十八岁	2	0	0	0	0	0	0	8/28/2016
豆渣渣呢	2	0	0	0	0	0	0	8/28/2016
愿深情不被枉负	2	0	0	0	0	0	0	8/28/2016
洛小洛丶	2	0	0	0	0	0	0	8/28/2016
拉轰小女子	2	0	0	0.5	0	0	0	8/28/2016
我讨厌用名字	2	0	0	0	0	0	0	8/28/2016
蛋蛋大侠丨	2	0	0	0	0	0	0	8/28/2016
不想昵称	2	0	0	0	0	0	0	8/28/2016
乞丐也能很强	2	0	0	0	0	0	0	8/28/2016
萝莉添棒棒糖嘛	2	0	0	0	0	0	0	8/28/2016
闻素问	2	0	0	0	0	0	0	8/28/2016
青梅淡煮酒	2	0	0	0	0	0	0	8/28/2016
就要呵呵哒丶	2	0	0	0	0	0	0	8/28/2016
毅生有妮丶	2	0	0	0	0	0	0	8/28/2016
今朝望月	2	0	0	0	0	0	0	8/28/2016
刀灵媛	2	0	0	0	0	0	0	8/28/2016
ＴＣＭ丶SSD	2	0	0	0	0	0	0	8/28/2016
初雨凉笙叹ゞ	2	0	0	0	0	0	0	8/28/2016
世无休	2	0	0	0	0	0	0	8/28/2016
轻狂小柒	2	0	0	0	0	0	0	8/28/2016
゛蓶丶ー	2	0	0	0	0	0	0	8/28/2016
阿锟猫	2	0	0	0	0	0	0	8/28/2016
几许悲欢几多愁	2	0	0	0	0	0	0	8/28/2016
神威小枪将	2	0	0	0	0	0	0	8/28/2016
董汉卿	2	0	0	0	0	0	0	8/28/2016
妃婉烟。	2	0	0	0	0	0	0	8/28/2016
火之鸟	2	0	0	0	0	0	0	8/28/2016
小女儿可可	2	0	0	0	0	0	0	8/28/2016
太白三圣	2	0	0	0	0	0	0	8/28/2016
无敌阿汤哥	2	0	0	0	0	0	0	8/28/2016
台风谷第一包子	2	0	0	0	0	0	0	8/28/2016
牛奶奶奶奶	2	0	0	0	0	0	0	8/28/2016
笛梦一秋	2	0	0	0	0	0	0	8/28/2016
大光明里凤凰现	2	0	0	0	0	0	0	8/28/2016
糖糖哒	2	0	0	0	0	0	0	8/28/2016
尧辛	2	0	0	0	0	0	0	8/28/2016
红尘落雪月无痕	2	0	0	0	0	0	0	8/28/2016
榴莲水果硬糖	2	0	0	0	0	0	0	8/28/2016
唐糖～	2	0	0	0	0	0	0	8/28/2016
澄汁	2	0	0	0	0	0	0	8/28/2016
孤影惊残梦	2	0	0	0	0	0	0	8/28/2016
￣放空	2	0	0	0	0	0	0	8/28/2016
魅丿无情	2	0	0	0	0	0	0	8/28/2016
轻笑忘	2	0	0	0	0	0	0	8/28/2016
蘩缕	2	0	0	0	0	0	0	8/28/2016
沉渔落丶雁	2	0	0	0	0	0	0	8/28/2016
毒情	2	0	0	0	0	0	0	8/28/2016
红颜痴情笑	2	0	0	0	0	0	0	8/28/2016
娜迦海妖	2	0	0	0	0	0	0	8/28/2016
一只萌正太丶	2	0	0	0	0	0	0	8/28/2016
就叫玫瑰吧	2	0	0	0	0	0	0	8/28/2016
绑定小蜜的	2	0	0	0	0	0	0	8/28/2016
ParTing丶R	2	0	0	0	0	0	0	8/28/2016
飞雪如霜	2	0	0	0	0	0	0	8/28/2016
刃歌	2	0	0	0	0	0	0	8/28/2016
童话话	2	0	0	0	0	0	0	8/28/2016
殇如此忧伤	2	0	0	0	0	0	0	8/28/2016
冬凝寒	2	0	0	0	0	0	0	8/28/2016
月影粟	2	0	0	0	0	0	0	8/28/2016
凡哥的父亲	2	0	0	0	0	0	0	8/28/2016
友善的若云	2	0	0	0	0	0	0	8/28/2016
万俟独秋乄	2	0	0	0	0	0	0	8/28/2016
狂砍亿条街	2	0	0	0	0	0	0	8/28/2016
Actors丶纤旧	2	0	0	0	0	0	0	8/28/2016
倾国不倾城	2	0	0	0	0	0	0	8/28/2016
手中玫瑰赠予谁	2	0	0	0	0	0	0	8/28/2016
染琴	2	0	0	0	0	0	0	8/28/2016
纳加法	2	0	0	0	0	0	0	8/28/2016
星雷	2	0	0	0	0	0	0	8/28/2016
煌煌	3	3.5	2	1	2	8	6	8/28/2016
紫雨幽雲	3	3.5	3	0.5	2	9	6	8/28/2016
东风路三狗蛋	3	4.5	1	1	2	8	6	8/28/2016
夜冥雪	3	3.5	2	1	2	8	6	8/28/2016
框框	3	2.5	3	0.5	2	8	6	8/28/2016
冷晓汐丶	3	4	2	1	1	8	6	8/28/2016
水影悠兰	3	4	2	1	1	8	6	8/28/2016
潇洒仗剑天下	3	4	1	1	1	7	6	8/28/2016
此情珂待	3	4.5	1	0.5	1	7	6	8/28/2016
神奇宝贝妮小白	3	3	1	1	2	7	6	8/28/2016
山高丶木易	3	3.5	2	0	1	6	6	8/28/2016
荡荡	3	3.5	3	0	0	6	6	8/28/2016
墨炽	3	4.5	1	0	1	6	6	8/28/2016
奶小牛丶	3	4.5	1	0.5	1	7	6	8/28/2016
等我出轻语	3	4	0	1	1	6	6	8/28/2016
空虚公子萧四无	3	3	1	1	1	6	6	8/28/2016
冷清语	3	3	1	0.5	2	6	6	8/28/2016
魔仙堡小公举	3	3	1	1	1	6	6	8/28/2016
那年红颜	3	3.5	2	0	0	5	5	8/28/2016
东瀛浪人展梦魂	3	2	1	0.5	2	5	5	8/28/2016
白析	3	1.5	1	0.5	2	5	5	8/28/2016
神锤开山大梵天	3	3	1	0.5	1	5	5	8/28/2016
七情剑伶慕容英	3	1.5	1	0.5	2	5	5	8/28/2016
那年今若、	3	2	2	0	1	5	5	8/28/2016
叶企鹅	3	2	1	1	1	5	5	8/28/2016
凛柒っ	3	3.5	0	1	0	4	4	8/28/2016
伊贰叁	3	3.5	1	0	0	4	4	8/28/2016
青羽墨染云	3	4.5	0	0	0	4	4	8/28/2016
神奇宝贝超小白	3	3	1	1	0	5	5	8/28/2016
若无似有小偏执	3	1.5	1	0	2	4	4	8/28/2016
笙箫尽微凉	3	2.5	0	0	1	3	3	8/28/2016
徐婧懿	3	2.5	0	0	1	3	3	8/28/2016
青骢绝骑塑天荒	3	3	0	0	1	4	4	8/28/2016
南笙灬	3	0.5	2	0	1	3	3	8/28/2016
苍镜	3	2	1	0	1	4	4	8/28/2016
何月凡	3	3	0	0	1	4	4	8/28/2016
木易丶凝烟	3	2.5	0	0	1	3	3	8/28/2016
青城爱未恋	3	2.5	0	1	0	3	3	8/28/2016
纯洁友善的暮夏	3	2.5	1	0	0	3	3	8/28/2016
艾莉亞史塔克	3	2.5	1	0.5	0	4	4	8/28/2016
魔法少女杜芸松	3	2.5	1	0.5	0	4	4	8/28/2016
午时已到小叨叨	3	2	0	0.5	1	3	3	8/28/2016
醉、一梦六忆	3	1.5	0	0	1	2	2	8/28/2016
醉、一梦千世	3	2	0	0	1	3	3	8/28/2016
刀之芳华	3	2	0	0.5	1	3	3	8/28/2016
纯洁友善的殇	3	2	0	0	1	3	3	8/28/2016
花落时节与君别	3	2.5	0	1	0	3	3	8/28/2016
帅气无敌康爸爸	3	3.5	0	0	0	3	3	8/28/2016
关翔予	3	2	1	0	0	3	3	8/28/2016
栀子花＊	3	0	1	0	1	2	2	8/28/2016
若无似有小矜持	3	0	0	0	2	2	2	8/28/2016
濯清莲而不妖	3	1.5	0	1	0	2	2	8/28/2016
追风少年鹰老七	3	0	2	0	0	2	2	8/28/2016
残花灬如雪	3	1	1	0	0	2	2	8/28/2016
青丝如沫	3	0.5	1	0	0	1	1	8/28/2016
冉灬子墨	3	1	0	0	1	2	2	8/28/2016
之绵	3	0.5	0	0	1	1	1	8/28/2016
紫舞流年	3	0	0	0	1	1	1	8/28/2016
冷语情	3	0	0	0	1	1	1	8/28/2016
落花丶醉	3	0	0	0	1	1	1	8/28/2016
烟花易冷人亦冷	3	0	1	0	0	1	1	8/28/2016
梦里御剑	3	1	0	0	0	1	1	8/28/2016
顾寻清	3	0.5	0	0	1	1	1	8/28/2016
天下芒果	3	0	0	0	1	1	1	8/28/2016
可爱琳	3	0	0	0	1	1	1	8/28/2016
踏马清月夜	3	0	0	0	1	1	1	8/28/2016
绝影鬼斩苗天王	3	1	0	0	0	1	1	8/28/2016
之锦	3	0	0	0	1	1	1	8/28/2016
蝶舞旧梦	3	0.5	0	0	0	0	0	8/28/2016
九袋丐	3	0	0	0	0	0	0	8/28/2016
神奇宝贝杨尼玛	3	0	0	0	0	0	0	8/28/2016
二狗娃	3	0	0	0	0	0	0	8/28/2016
荼薇与澈	3	0	0	0	0	0	0	8/28/2016
好想告诉伱	3	0	0	0	0	0	0	8/28/2016
赤月染红尘	3	0	0	0	0	0	0	8/28/2016
尽余年。	3	0	0	0	0	0	0	8/28/2016
小兔兔几	3	0	0	0	0	0	0	8/28/2016
迷茫中徘徊	3	0	0	0	0	0	0	8/28/2016
㏑ゞ初心ノ	3	0	0	0	0	0	0	8/28/2016
二瞳	3	0	0	0	0	0	0	8/28/2016
风暖伤	3	0	0	0	0	0	0	8/28/2016
转身落尽空城泪	3	0	0	0	0	0	0	8/28/2016
叶枫刃	3	0	0	0	0	0	0	8/28/2016
马来西亚的咪咪	3	0	0	0	0	0	0	8/28/2016
天刀。	3	0	0	0	0	0	0	8/28/2016
Yada丶leo	3	0	0	0	0	0	0	8/28/2016
萝卜土豆丝	3	0	0	0	0	0	0	8/28/2016
琴小蓝	3	0	0	0	0	0	0	8/28/2016
伊似君心	3	0	0	0	0	0	0	8/28/2016
零时雨纸	3	0	0	0	0	0	0	8/28/2016
唐舞桐灬	3	0	0	0	0	0	0	8/28/2016
祠下	3	0	0	0	0	0	0	8/28/2016
翩翩少年灬析	3	0	0	0	0	0	0	8/28/2016
夜雨流年	3	0	0	0	0	0	0	8/28/2016
司寇听雨	3	0	0	0	0	0	0	8/28/2016
一丿登	3	0	0	0	0	0	0	8/28/2016
志方	3	0	0	0	0	0	0	8/28/2016
微澜〃	3	0	0	0	0	0	0	8/28/2016
潋澄丶	3	0	0	0	0	0	0	8/28/2016
纯情少妇马芳玲	3	0	0	0	0	0	0	8/28/2016
凋零之光	3	0	0	0	0	0	0	8/28/2016
月牙冲天	3	0	0	0	0	0	0	8/28/2016
入梦落樱满熏香	3	0	0	0	0	0	0	8/28/2016
徐耶比	3	0	0	0	0	0	0	8/28/2016
炖猪肘丶	3	0	0	0	0	0	0	8/28/2016
伱的酒窝没有酒	3	0	0	0	0	0	0	8/28/2016
宫离嫣	3	0	0	0	0	0	0	8/28/2016
友善的小内衣	3	0	0	0	0	0	0	8/28/2016
琉璃千雪	3	0	0	0	0	0	0	8/28/2016
歌风路丶三狗蛋	3	0	0	0	0	0	0	8/28/2016
小心有诈哦	3	0	0	0	0	0	0	8/28/2016
柒果果	3	0	0	0	0	0	0	8/28/2016
青春亮丽欣妈妈	3	0	0	0	0	0	0	8/28/2016
丶吴宇森	3	0	0	0	0	0	0	8/28/2016
其实是句号	3	0	0	0	0	0	0	8/28/2016
洪时雪	3	0	0	0	0	0	0	8/28/2016
Yennefer	3	0	0	0	0	0	0	8/28/2016
茶凉言尽丶	3	0	0	0	0	0	0	8/28/2016
瑶君	3	0	0	0.5	0	0	0	8/28/2016
妄于	3	0	0	0	0	0	0	8/28/2016
阿翔翔	3	0	0	0	0	0	0	8/28/2016
东风路大狗蛋	3	0	0	0	0	0	0	8/28/2016
恶酒。	3	0	0	0	0	0	0	8/28/2016
彡电竞丿柯南乄	3	0	0	0	0	0	0	8/28/2016
彼眸	3	0	0	0	0	0	0	8/28/2016
水红芍	3	0	0	0	0	0	0	8/28/2016
月下魂兮	3	0	0	0	0	0	0	8/28/2016
冬瓜小荞	3	0	0	0	0	0	0	8/28/2016
傻孩子	3	0	0	0	0	0	0	8/28/2016
浩浩丶浩	3	0	0	0	0	0	0	8/28/2016
伐青	3	0.5	0	0	0	0	0	8/28/2016
最可爱的师姐	3	0	0	0	0	0	0	8/28/2016
五六柒	3	0	0	0	0	0	0	8/28/2016
丶大航母	3	0	0	0	0	0	0	8/28/2016
纯洁友善的神刀	3	0	0	0	0	0	0	8/28/2016
嚜韵轩華	3	0	0	0	0	0	0	8/28/2016
莫倾城灬	3	0	0	0	0	0	0	8/28/2016
燕雨莲	3	0	0	0	0	0	0	8/28/2016
乏乏	3	0	0	0	0	0	0	8/28/2016
项辰帝	3	0	0	0	0	0	0	8/28/2016
锦衣卫知秋	3	0	0	0	0	0	0	8/28/2016
一息衍一	3	0	0	0	0	0	0	8/28/2016
叶菡	3	0	0	0	0	0	0	8/28/2016
储舜	3	0	0	0	0	0	0	8/28/2016
剣殊雨寒丶	3	0	0	0	0	0	0	8/28/2016
蠢小椰丶	3	0	0	0	0	0	0	8/28/2016
Sunnyboy丶桔子	3	0	0	0	0	0	0	8/28/2016
冉灬子灬墨	3	0	0	0	0	0	0	8/28/2016
教堂里听丿情歌	3	0	0	0	0	0	0	8/28/2016
花谢人凋零。	4	4.5	2	1	2	9	6	8/28/2016
逸仙丶王爷	4	3.5	2	1	2	8	6	8/28/2016
鱼香	4	3.5	2	1	2	8	6	8/28/2016
FateScorpio	4	2.5	3	0	2	7	6	8/28/2016
天语灬幻影	4	4.5	1	1	1	7	6	8/28/2016
口味太怪	4	3.5	2	1	1	7	6	8/28/2016
超蠢的等风呀	4	4	1	1	2	8	6	8/28/2016
独孤杀生	4	3.5	2	1	2	8	6	8/28/2016
FateLibra	4	2	3	0.5	2	7	6	8/28/2016
夜白衣	4	3	1	0.5	2	6	6	8/28/2016
枫丿吟月	4	4.5	0	1	1	6	6	8/28/2016
沐浠尘	4	1	3	1	2	7	6	8/28/2016
巴蜀萨摩耶	4	2.5	2	1	1	6	6	8/28/2016
拾勾枯爬尖	4	4.5	0	1	1	6	6	8/28/2016
树儿高高长	4	3.5	1	1	1	6	6	8/28/2016
太子彬	4	2.5	1	1	1	5	5	8/28/2016
梓珏	4	2.5	0	1	2	5	5	8/28/2016
秦川吉娃娃	4	0.5	2	1	2	5	5	8/28/2016
荆轲已逝高渐离	4	4.5	0	0.5	1	6	6	8/28/2016
剑惜玉	4	3.5	1	0	1	5	5	8/28/2016
倔强的小屁股	4	2.5	1	0	1	4	4	8/28/2016
竹暮沐酒笙	4	1.5	1	0.5	2	5	5	8/28/2016
晓月梦澈	4	3	0	1	1	5	5	8/28/2016
再见是否红着脸	4	2.5	1	1	1	5	5	8/28/2016
甄心	4	3	0	1	1	5	5	8/28/2016
守护锋	4	1	1	0.5	2	4	4	8/28/2016
鱼小小	4	2.5	1	0	1	4	4	8/28/2016
苏幕清	4	3	0	1	1	5	5	8/28/2016
黑泽丶纱重	4	2	1	1	1	5	5	8/28/2016
在下唐言	4	1	1	1	1	4	4	8/28/2016
胡大力	4	3	0	0	1	4	4	8/28/2016
盖世呆头洋	4	2	0	1	1	4	4	8/28/2016
拌蠢蠢	4	1	0	1	2	4	4	8/28/2016
清晨点支烟。	4	2	1	0.5	1	4	4	8/28/2016
薛无衡	4	2.5	0	0.5	1	4	4	8/28/2016
超人不会飞〃	4	1	2	0	1	4	4	8/28/2016
佚名。	4	1	2	0.5	1	4	4	8/28/2016
执劍小书生	4	2.5	0	0	1	3	3	8/28/2016
茴香。	4	2.5	0	0.5	1	4	4	8/28/2016
原来是道长啊	4	1	1	0	1	3	3	8/28/2016
霸天遥	4	2	0	0	1	3	3	8/28/2016
时光不矜持	4	2	0	0	1	3	3	8/28/2016
墨萧炎	4	1	0	1	1	3	3	8/28/2016
伴之则暖。	4	0	3	0	0	3	3	8/28/2016
男人应有的自豪	4	2.5	0	0.5	0	3	3	8/28/2016
倦岫风眠	4	2	0	0.5	0	2	2	8/28/2016
黑泽丶八重	4	1	1	1	0	3	3	8/28/2016
酒倾轻竹影	4	1	1	0	1	3	3	8/28/2016
万年孤独	4	0	0	1	1	2	2	8/28/2016
好嫩的西湖醋鱼	4	0	1	0	1	2	2	8/28/2016
芍药児	4	2.5	0	0	0	2	2	8/28/2016
榕月	4	0	2	0.5	0	2	2	8/28/2016
汪映雪	4	1.5	0	0	0	1	1	8/28/2016
企及	4	2	0	0	0	2	2	8/28/2016
潇潇暮雨	4	0	1	1	0	2	2	8/28/2016
丐帮汪剑通	4	0	1	1	0	2	2	8/28/2016
邱少	4	1	0	0	0	1	1	8/28/2016
破烂刀客	4	1	0	0	0	1	1	8/28/2016
大迷失丶	4	0	1	0	0	1	1	8/28/2016
语丶殇	4	0	0	0	1	1	1	8/28/2016
陌路莫回	4	1	0	0.5	0	1	1	8/28/2016
C丶C丶	4	0	1	0	0	1	1	8/28/2016
花儿盛盛开	4	1.5	0	0	0	1	1	8/28/2016
神威再见	4	0	0	0	1	1	1	8/28/2016
明茗馨	4	0	0	0	0	0	0	8/28/2016
柠小檬丶	4	0	0	0	0	0	0	8/28/2016
浮生半日	4	0	0	0	0	0	0	8/28/2016
冷沐瞳	4	0	0	0	0	0	0	8/28/2016
无爱别演	4	0	0	0	0	0	0	8/28/2016
钟离三昧	4	0	0	0	0	0	0	8/28/2016
冷汐宇	4	0	0	0	0	0	0	8/28/2016
千雪冰鳳	4	0	0	0	0	0	0	8/28/2016
慕城雪	4	0	0	0	0	0	0	8/28/2016
一叶知秋づ	4	0	0	0	0	0	0	8/28/2016
逍遥芙蕖	4	0	0	0	0	0	0	8/28/2016
月夜凉	4	0	0	0	0	0	0	8/28/2016
丶天蓝色	4	0	0	0	0	0	0	8/28/2016
半日丶浮生	4	0	0	0	0	0	0	8/28/2016
梨花黛雨	4	0	0	0.5	0	0	0	8/28/2016
夏又離	4	0	0	0	0	0	0	8/28/2016
淡然置之	4	0	0	0	0	0	0	8/28/2016
格里斯贝恩	4	0	0	0	0	0	0	8/28/2016
浪哩个浪	4	0	0	0	0	0	0	8/28/2016
F丨小乖	4	0	0	0	0	0	0	8/28/2016
丶神楽	4	0	0	0	0	0	0	8/28/2016
烈凝风	4	0	0	0	0	0	0	8/28/2016
秦友善。	4	0	0	0	0	0	0	8/28/2016
唐卿凝	4	0	0	0	0	0	0	8/28/2016
郭蝈蝈	4	0	0	0.5	0	0	0	8/28/2016
余夜阑珊	4	0	0	0	0	0	0	8/28/2016
易小川	4	0	0	0	0	0	0	8/28/2016
拥之则安。	4	0	0	0.5	0	0	0	8/28/2016
偌米粥丶	4	0	0	0	0	0	0	8/28/2016
萧劲城	4	0	0	0	0	0	0	8/28/2016
务必叫我欧皇	4	0	0	0	0	0	0	8/28/2016
樱桃さま	4	0	0	0	0	0	0	8/28/2016
葉窕	4	0	0	0	0	0	0	8/28/2016
鹿、	4	0	0	0	0	0	0	8/28/2016
丶薛日天	4	0	0	0	0	0	0	8/28/2016
琉璎	4	0	0	0	0	0	0	8/28/2016
辉辉辉辉丶輝	4	0	0	0	0	0	0	8/28/2016
雪糕失望	4	0	0	0	0	0	0	8/28/2016
辉煌PT	4	0	0	0	0	0	0	8/28/2016
鱼爸爸	4	0	0	0	0	0	0	8/28/2016
琴韵红衣丶心	4	0	0	0	0	0	0	8/28/2016
神威司空阿龙	4	0	0	0	0	0	0	8/28/2016
凉山伯	4	0	0	0	0	0	0	8/28/2016
檀羽冲	4	0	0	0	0	0	0	8/28/2016
Jocelyn	4	0	0	0	0	0	0	8/28/2016
慕榕月	4	0	0	0	0	0	0	8/28/2016
墨語丶	4	0	0	0	0	0	0	8/28/2016
叶天簌	4	0	0	0	0	0	0	8/28/2016
冷凝香。	4	0	0	0	0	0	0	8/28/2016
千怀	4	0	0	0	0	0	0	8/28/2016
大大大大西瓜丶	4	0	0	0	0	0	0	8/28/2016
别碰我的葫芦	4	0	0	0	0	0	0	8/28/2016
离尝	4	0	0	0	0	0	0	8/28/2016
丅⌒丅	4	0	0	0	0	0	0	8/28/2016
咸鱼天香	4	0	0	0	0	0	0	8/28/2016
灵梦小妖	4	0	0	0	0	0	0	8/28/2016
兮颜洛水	4	0	0	0	0	0	0	8/28/2016
安好晴天	4	0	0	0	0	0	0	8/28/2016
狄万钧	4	0	0	0	0	0	0	8/28/2016
sad自行车	4	0	0	0	0	0	0	8/28/2016
回头我就在身后	4	0	0	0	0	0	0	8/28/2016
暮小曦丶	4	0	0	0	0	0	0	8/28/2016
雪遥	4	0	0	0	0	0	0	8/28/2016
笑看浮华红尘事	4	0	0	0	0	0	0	8/28/2016
壬生京大郎	4	0	0	0	0	0	0	8/28/2016
丶忍野咩咩	4	0	0	0	0	0	0	8/28/2016
上官妙玥	4	0	0	0	0	0	0	8/28/2016
慕瑾遥	4	0	0	0	0	0	0	8/28/2016
红丶雪	4	0	0	0	0	0	0	8/28/2016
君i陌离	4	0	0	0	0	0	0	8/28/2016
从前玩真武	4	0	0	0	0	0	0	8/28/2016
颂碑寒	4	0	0	0	0	0	0	8/28/2016
惜玉挽轻裳	4	0	0	0	0	0	0	8/28/2016
太白洗衣液	4	0	0	0	0	0	0	8/28/2016
丐帮金鹏长老	4	0	0	0	0	0	0	8/28/2016
皈依奶小牛丶	4	0	0	0	0	0	0	8/28/2016
、陌上看花	4	0	0	0	0	0	0	8/28/2016
曲终无意	4	0	0	0	0	0	0	8/28/2016
东越雪纳瑞	4	0.5	0	0	0	0	0	8/28/2016
泪忆寒、	4	0	0	0	0	0	0	8/28/2016
遇之则感。	4	0	0	0.5	0	0	0	8/28/2016
超懒的阿元呀	4	0	0	0	0	0	0	8/28/2016
容子欢	4	0	0	0	0	0	0	8/28/2016
