1 花谢人凋零。 466 490
2 晓月梦澈 440 442
3 白芹 394 414
4 浪迹小秦 307 407
5 凯贼阔里 374 404
6 胡大力 333 397
7 魔法少女杜芸松 382 394
8 零拾 375 393
9 紫舞流年 368 386
10 与尔同销萬古愁 302 374
11 那年今若、 313 359
12 素蝶 357 357
13 墨韵轩华 326 354
14 沐浠尘 311 345
15 苏千澪 274 340
16 一直梨花压海棠 310 340
17 娇软の小屁股 315 337
18 再见是否红着脸 296 336
19 开封拍卖行 276 330
20 青羽墨染云 287 323
21 天真无邪大胡子 308 322
22 奶小牛丶 313 319
23 小阿淮呀 271 313
24 墨河 279 307
25 南宫絮语 286 306
26 伊贰叁 297 303
27 一抹煙雨落繁華 261 291
28 荡荡 232 280
29 轻素剪云端 259 271
30 鱼香 237 265
31 太极至尊 217 259
32 梦觞丶 244 258
33 淡若清风過丶 234 256
34 潇洒仗剑天下 227 255
35 只想做个好人 195 255
36 空虚公子萧四无 202 254
37 陌路莫回 216 250
38 在下唐银 219 245
39 其实想玩刀客 186 238
40 超人不会飞〃 204 234
41 似有若无 216 232
42 破穿 218 228
43 墨萧炎 196 228
44 ＊团灭专用奶 207 223
45 丶忍野咩咩 191 221
46 山高丶木易 209 221
47 洪时雪 197 213
48 冷清语 191 211
49 追风少年鹰老七 203 207
50 眉间一点白 199 207
51 机智勇敢的小炮 182 206
52 青丝枫凌 195 203
53 爱哭鼻の阿木木 190 202
54 东瀛浪人展梦魂 187 201
55 Ander 172 196
56 等风与你 180 194
57 一个有内涵的人 182 192
58 小阿鏡 183 187
59 梦离间丶 156 176
60 凌渃尘 151 175
61 岚风夜雨 174 174
62 倾舞情儿 163 173
63 女神菲奥娜 166 172
64 明年今日奕十年 162 168
65 丐帮萌主 155 165
66 FateLibra 154 164
67 那年红颜 157 161
68 水影悠兰 108 128
69 Northenhumilia 121 127
70 彼眸 112 118
71 风语风＊ 104 114
72 慕容靉 106 110
73 木易丶凝烟 102 110
74 折扇浪漫 80 94
75 怒怒怒怒火 83 89
76 艾莉亞史塔克 71 71
77 神威再见 36 42
78 池小猫 34 40
79 方得始終 36 36
80 丶天蓝色 35 35
81 池小晚 27 35
82 凶光外露的熊 24 24
83 丨龙哥丿 20 20
84 剑泣天涯 16 18
85 歌风路丶三狗蛋 16 16
