紫雨幽雲	119	12	83
莫寻欢	111	18	57
若无似有小偏执	102	9	75
魔法少女杜芸松	90	11	57
三绝仙子曲萌萌	81	10	51
午时已到小叨叨	76	10	46
荡荡	76	6	58
仐仐、	74	7	53
若无似有小虎逼	73	7	52
充气奶茶	67	11	34
空虚公子萧四无	66	7	45
鲨鱼辣椒	66	6	48
冷语情	66	7	45
蝎子莱莱	58	6	40
东风路三狗蛋	55	5	40
我要当咸鱼	44	7	23
ぃ碎光	42	3	33
风寂臣	42	2	36
框框	34	3	25
五六柒	34	5	19
若无似有小屁孩	27	4	15
踏马清月夜	27	1	24
奶小牛丶	24	1	21
心爱임	21	3	12
千夜임	8	0	8
况况况况	5	0	5
紫雨幽雲	226	28	142
莫寻欢	173	15	128
若无似有小偏执	170	19	113
魔法少女杜芸松	169	30	79
三绝仙子曲萌萌	136	17	85
午时已到小叨叨	126	18	72
空虚公子萧四无	123	12	87
若无似有小虎逼	122	9	95
鲨鱼辣椒	115	14	73
蝎子莱莱	112	13	73
冷语情	101	9	74
荡荡	100	11	67
东风路三狗蛋	99	6	81
仐仐、	92	5	77
充气奶茶	83	9	56
风寂臣	76	6	58
我要当咸鱼	74	13	35
ぃ碎光	70	2	64
五六柒	64	5	49
踏马清月夜	62	6	44
奶小牛丶	60	5	45
心爱임	48	7	27
框框	43	3	34
若无似有小屁孩	33	3	24
千夜임	21	0	21
况况况况	12	1	9
紫雨幽雲	160	16	112
莫寻欢	142	15	97
魔法少女杜芸松	129	13	90
若无似有小偏执	120	10	90
空虚公子萧四无	117	18	63
若无似有小虎逼	100	5	85
东风路三狗蛋	96	10	66
荡荡	89	4	77
午时已到小叨叨	88	9	61
三绝仙子曲萌萌	87	7	66
冷语情	84	5	69
蝎子莱莱	80	8	56
仐仐、	76	2	70
充气奶茶	70	6	52
鲨鱼辣椒	69	3	60
我要当咸鱼	58	7	37
五六柒	56	6	38
ぃ碎光	54	1	51
风寂臣	52	4	40
框框	42	3	33
奶小牛丶	38	5	23
心爱임	36	6	18
踏马清月夜	35	0	35
若无似有小屁孩	33	3	24
千夜임	21	3	12
况况况况	9	0	9
紫雨幽雲	144	15	99
莫寻欢	141	17	90
若无似有小偏执	112	16	64
荡荡	101	11	68
若无似有小虎逼	99	8	75
魔法少女杜芸松	98	9	71
充气奶茶	91	12	55
蝎子莱莱	91	13	52
午时已到小叨叨	89	10	59
三绝仙子曲萌萌	79	5	64
鲨鱼辣椒	79	6	61
空虚公子萧四无	78	4	66
ぃ碎光	78	8	54
冷语情	78	7	57
东风路三狗蛋	75	4	63
仐仐、	73	7	52
五六柒	60	11	27
框框	50	7	29
踏马清月夜	44	5	29
我要当咸鱼	40	2	34
风寂臣	38	3	29
奶小牛丶	36	3	27
心爱임	22	3	13
若无似有小屁孩	20	2	14
千夜임	10	0	10
况况况况	7	1	4
