1 取个名字不容易 11 19
2 寻你仟佰度 8 18
3 苍镜 12 18
4 凌千夜 10 12
5 乌莲娜 5 11
6 风暖伤 5 11
7 灬醉丨嫣 5 11
8 男人应有的自豪 7 9
9 梦觞丶 8 8
10 东风路三狗蛋 6 8
11 时辰信叁 8 8
12 杨尼玛 4 8
13 墨萧炎 6 8
14 殇如此忧伤 6 6
15 半夏W月儿 6 6
16 洪时雪 4 6
17 轻素剪云端 6 6
18 叶菡 5 5
19 紫雨幽 5 5
20 拓跋无情 3 5
21 重庆兄弟伙 5 5
22 My丶殇 4 4
23 钟爱有嘉 4 4
24 香扒饭 4 4
25 忘忧忘我 4 4
26 宴渊 4 4
27 墨雨丶晓枫 4 4
28 乐Z 4 4
29 折扇浪漫 1 3
30 于别鹤 1 3
31 \笙 3 3
32 杂粮煎饼 3 3
33 蝙蝠侠的小内衣 2 2
34 一暮夏一 2 2
35 帅气无敌康爸爸 1 1
36 凌傲雪 1 1
37 抠鼻大叔 1 1
38 屮屮屮屮丶 1 1
39 格 1 1
40 黑寡妇的小胸罩 1 1
41 为君丶祭酒 1 1
42 异逍遥 1 1
43 其实想玩刀客 1 1
44 凰荼歌 1 1
45 凯贼阔里 1 1
46 凡哥的父亲 0 0
47 清弦 0 0
48 拌饭萌面酥 0 0
49 再见是否红着脸 0 0
50 我是小官人 0 0
51 诗酒茶 0 0
52 翎羽寒心 0 0
53 零拾 0 0
54 框框 0 0
55 诸天花雨 0 0
56 天真无邪大胡子 0 0
57 要来点莹宝吗 0 0
58 芝麻花生馅儿饺 0 0
59 言柳 0 0
60 土豆饭 0 0
61 池小晚 0 0
62 百里轩翊 0 0
63 那年红颜 0 0
64 菱喵喵 0 0
65 苦涩辉煌 0 0
66 彡电竞丿柯南W 0 0
67 阿嫡蜜丝 0 0
68 我讨厌圣光灬 0 0
69 墨河 0 0
70 守护锋 0 0
71 凌曦 0 0
72 去浪迹天涯 0 0
73 哎哟真的不错哦 0 0
74 巡山的人 0 0
75 椋九绝 0 0
76 仑吾山、盖聂 0 0
77 万心忧 0 0
78 渡亡 0 0
79 轻笑忘 0 0
80 御江湖 0 0
81 凯 0 0
82 凡人的梦 0 0
83 狂灬黑 0 0
84 凌玄幂 0 0
85 墨韵轩华 0 0
86 苏云昭 0 0
87 神威再见 0 0
88 生气的小黄瓜 0 0
89 孤丨丶求 0 0
90 浮生半日 0 0
91 墨如渊 0 0
92 云虚 0 0
93 ULan 0 0
94 二瞳 0 0
95 在水一方丶丶 0 0
96 陌路莫回 0 0
97 踏马清月夜 0 0
98 丶薛日天 0 0
99 G 0 0
100 H 0 0
101 一丿登 0 0
102 安好晴天 0 0
103 鱼歌唱晚 0 0
104 蝶舞旧梦 0 0
105 一直梨花压海棠 0 0
106 池小猫 0 0
107 亲爱的未闻花名 0 0
108 毕夏有毓 0 0
109 格七 0 0
110 南邦佳人 0 0
111 钢铁侠的骚裤衩 0 0
112 淡忘你 0 0
113 太极至尊 0 0
114 丶怪兽灬 0 0
115 只想做个好人 0 0
116 丶悠然灬 0 0
