1 拌蠢蠢 1903 1957
2 框框 1693 1731
3 只想做个好人 1510 1594
4 这下可好啦 1507 1575
5 梦觞丶 1520 1574
6 城南穷鬼赵四 1548 1572
7 古巷烟雨断桥殇 1502 1570
8 七情剑伶慕容英 1468 1560
9 折扇浪漫 1452 1532
10 白芹 1502 1532
11 酒倾轻竹影 1431 1525
12 魔法少女杜芸松 1442 1500
13 墨河 1404 1482
14 FateLibra 1409 1481
15 追风少年鹰老七 1447 1481
16 那年今若、 1367 1479
17 雙生逐梦 1401 1461
18 执劍小书生 1342 1444
19 倾舞情儿 1402 1434
20 空虚公子萧四无 1360 1430
21 奶小牛丶 1398 1424
22 FateScorpio 1383 1423
23 大眼睛秋秋 1345 1401
24 SouLmAte、小狼 1362 1400
25 暮雪醉逍遥 1354 1398
26 任离流 1330 1396
27 薄霭 1312 1396
28 时钟轻摇孤独 1330 1372
29 凌渃尘 1291 1357
30 淡若清风過丶 1329 1351
31 殇月未觞 1280 1346
32 伊贰叁 1291 1337
33 鱼香 1294 1336
34 东风路三狗蛋 1293 1335
35 丶忍野咩咩 1303 1333
36 ＊团灭专用奶 1279 1323
37 与尔同销萬古愁 1254 1308
38 明年今日奕十年 1251 1297
39 青羽墨染云 1256 1296
40 荡荡 1220 1292
41 怒怒怒怒火 1221 1289
42 一个有内涵的人 1278 1286
43 橙橙喵呜 1269 1275
44 太极至尊 1196 1264
45 等风与你 1263 1263
46 在下唐银 1162 1256
47 一直梨花压海棠 1245 1253
48 沐浠尘 1182 1252
49 淺笙 1198 1252
50 墨韵轩华 1213 1249
51 叶菡 1196 1246
52 夜白衣 1214 1240
53 一人一枪闯九州 1163 1225
54 胡大力 1144 1214
55 诸天花雨 1142 1204
56 树儿高高长 1177 1203
57 顾奈丶 1176 1194
58 冬凝寒 1153 1193
59 浪迹小秦 1135 1191
60 等我出轻语 1168 1190
61 再见是否红着脸 1155 1185
62 此情珂待 1155 1183
63 其实想玩刀客 1158 1180
64 曲终无意 1130 1170
65 童话话 1144 1156
66 冷晓汐丶 1100 1152
67 月下魂兮 1107 1151
68 晓月梦澈 1129 1151
69 墨萧炎 1034 1140
70 套套嗷呜 1111 1123
71 郭蝈蝈 1036 1112
72 洪时雪 1051 1105
73 o。o 1080 1094
74 帅气无敌康爸爸 1023 1077
75 那年红颜 1068 1074
76 娇软の小屁股 991 1031
77 在下唐言 998 1026
78 鱼小小 980 1022
79 素蝶 1017 1017
80 乌莲娜 927 983
81 Mn丶猫猫君 950 974
82 青骢绝骑塑天荒 940 972
83 北城初夏 960 970
84 纯情少妇马芳玲 922 946
85 紫雨幽雲 919 945
86 GoldㅈExperie 911 943
87 神威再见 865 933
88 ＊蘭先森 860 926
89 吕小栋 904 922
90 神奇宝贝杨尼玛 850 904
91 古手梨花sama 880 892
92 天下芒果 817 829
93 丐帮萌主 754 770
94 水影悠兰 724 744
95 独孤杀生 699 699
96 百里轩翊 602 620
97 花谢人凋零。 523 541
98 二狗娃 464 510
99 蛋蛋疍 452 470
100 甄心 455 461
101 何月凡 438 450
102 雪糕失望 398 446
103 零拾 348 362
104 顾寻清 315 333
105 荆轲已逝高渐离 234 240
106 明木猿 212 214
107 潇洒仗剑天下 50 50
108 蝶舞旧梦 1 1
109 守护锋 0 0
110 青城爱未恋 0 0
111 榕月 0 0
112 浩浩丶浩 0 0
