1 其实想玩刀客 42 54
2 曲终无意 44 54
3 墨韵轩华 49 53
4 紫舞流年 44 52
5 鱼香 46 50
6 青衫逝 46 50
7 荡荡 47 49
8 青羽墨染云 42 48
9 时钟轻摇孤独 41 47
10 在下唐言 44 46
11 纯洁友善的暮夏 35 45
12 诸天花雨 41 43
13 晓月梦澈 41 41
14 咸鱼天香 35 41
15 沐浠尘 35 41
16 潇洒仗剑天下 40 40
17 太极至尊 38 40
18 一抹煙雨落繁華 40 40
19 古巷烟雨断桥殇 36 40
20 机智勇敢的小猪 34 40
21 紫雨幽雲 39 39
22 倾舞情儿 39 39
23 月怜诗涵 35 39
24 丶奇怪的瞄 32 36
25 奶小牛丶 36 36
26 唐舞桐灬 32 36
27 亲爱的未闻花名 36 36
28 煌煌 31 35
29 青城爱未恋 33 35
30 友善的小内衣 33 35
31 追风少年鹰老七 33 35
32 洪时雪 32 34
33 南宫絮语 34 34
34 凯贼阔里 32 34
35 灬醉丨雲嫣 33 33
36 东瀛浪人展梦魂 32 32
37 梦觞丶 28 32
38 艾尔艾路弗 31 31
39 叶菡 31 31
40 成溪 30 30
41 城南穷鬼赵四 30 30
42 格殺 27 29
43 方得始終 28 28
44 小阿淮呀 28 28
45 再见是否红着脸 26 28
46 一丿登 28 28
47 丐帮萌主 28 28
48 毕夏有毓 26 28
49 小萌耍太白丶 27 27
50 开封拍卖行 25 27
51 墨舞丶倾城 27 27
52 花谢人凋零。 27 27
53 墨河 25 27
54 轻素剪云端 27 27
55 椛灯 26 26
56 拌饭萌面酥 21 25
57 零拾 23 23
58 凌渃尘 22 22
59 那年红颜 17 21
60 帅气无敌康爸爸 20 20
61 折扇浪漫 18 20
62 机智勇敢的小炮 14 18
63 等我出轻语 18 18
64 艾莉亞史塔克 16 16
65 神威再见 15 15
66 孤鸿芊芊 12 14
67 魅丿无情 13 13
68 七情剑伶慕容英 12 12
69 丿Muc丨君丶陌 10 10
70 守护锋 6 10
71 青骢绝骑塑天荒 7 9
72 花兮兮兮兮 6 8
73 东风路三狗蛋 7 7
74 乌莲娜 6 6
75 浪迹小秦 2 4
76 流浪的小花狼 4 4
77 芝麻花生馅儿饺 0 0
78 移星 0 0
79 踏马清月夜 0 0
80 落花丶醉 0 0
81 生气的小黄瓜 0 0
82 风暖伤 0 0
83 树儿高高长 0 0
84 池小晚 0 0
85 牛奶奶奶奶 0 0
86 雪糕失望 0 0
87 蝶舞旧梦 0 0
88 炖猪肘丶 0 0
89 临风望月爱啪啪 0 0
90 淡若清风過丶 0 0
91 怒怒怒怒火 0 0
92 墨萧炎 0 0
93 绫月薇 0 0
94 楪夢 0 0
95 小阿鏡 0 0
96 娇软の小屁股 0 0
97 墨雨丶晓枫 0 0
98 池小猫 0 0
