1 陌丶羽殇 17 21
2 轻素剪云端 14 16
3 机智勇敢的小炮 3 15
4 鱼香 4 8
5 墨雨丶晓枫 4 8
6 我曰你外爷吃翔 8 8
7 摩诃大梵天 3 7
8 我是天香的啊 7 7
9 时钟轻摇孤独 5 7
10 一人一枪闯九州 5 7
11 生气的小黄瓜 3 7
12 墨舞丶倾城 5 7
13 城南穷鬼赵四 4 6
14 方得始終 4 6
15 青丝枫凌 6 6
16 艾尔艾路弗 6 6
17 鱼小小 5 5
18 花谢人凋零。 5 5
19 其实想玩刀客 3 5
20 零拾 4 4
21 格殺 4 4
22 成溪 4 4
23 甄心 4 4
24 机智勇敢的小猪 4 4
25 墨韵轩华 4 4
26 晓月梦澈 3 3
27 花兮兮兮兮 3 3
28 机智勇敢的小兔 3 3
29 涵涵小公举 1 3
30 潇湘灬墨染 3 3
31 开封拍卖行 1 3
32 丨龙哥丿 3 3
33 丐帮萌主 3 3
34 楚狂丶 1 3
35 娇软の小屁股 2 2
36 一直梨花压海棠 2 2
37 蚩尤魔人 2 2
38 绫月薇 2 2
39 树儿高高长 2 2
40 男人应有的自豪 2 2
41 墨河 1 1
42 ParTing丶R 1 1
43 小阿淮呀 1 1
44 一个有内涵的人 1 1
45 春晴 1 1
46 凡哥的祖父 1 1
47 冷晓汐丶 1 1
48 我是小官人 1 1
49 折扇浪漫 1 1
50 芝麻花生馅儿饺 1 1
51 凯贼阔里 1 1
52 牛奶奶奶奶 1 1
53 池小猫 1 1
54 薛无衡 1 1
55 儒丶张良 1 1
56 蝶舞旧梦 0 0
57 巡山的人 0 0
58 落花丶醉 0 0
59 叶菡 0 0
60 一丿登 0 0
61 诸天花雨 0 0
62 乌莲娜 0 0
63 在下唐银 0 0
64 古巷烟雨断桥殇 0 0
65 董锋 0 0
66 一抹煙雨落繁華 0 0
67 洪时雪 0 0
68 永恒只为等待 0 0
69 小萌耍太白丶 0 0
70 淺笙 0 0
71 灬醉丨雲嫣 0 0
72 陌路莫回 0 0
73 苍镜 0 0
74 煌煌 0 0
75 可爱琳 0 0
76 任离流 0 0
77 阮蠢蠢 0 0
78 月牙冲天 0 0
79 魔法少女杜芸松 0 0
80 踏马清月夜 0 0
81 怒怒怒怒火 0 0
82 紫雨幽雲 0 0
83 唐舞桐灬 0 0
84 榕月 0 0
85 放肆流逝的年华 0 0
86 万心忧 0 0
87 紫舞流年 0 0
88 狂灬黑 0 0
89 池小晚 0 0
90 炖猪肘丶 0 0
91 格七 0 0
92 Yennefer 0 0
93 丶初馨 0 0
94 雪糕失望 0 0
95 友善的小内衣 0 0
96 丿几度度丶 0 0
97 纯洁友善的殇 0 0
98 框框 0 0
99 等我出轻语 0 0
100 蘃 0 0
101 那年红颜 0 0
102 空虚公子萧四无 0 0
103 帅气无敌康爸爸 0 0
104 异逍遥 0 0
105 山高丶木易 0 0
106 木易丶凝烟 0 0
107 荡荡 0 0
108 何月凡 0 0
109 安蠢蠢 0 0
110 东风路三狗蛋 0 0
111 浩浩丶浩 0 0
112 守护锋 0 0
113 ′浪浪 0 0
114 再见是否红着脸 0 0
115 彡电竞丿柯南乄 0 0
116 奶小牛丶 0 0
117 青城爱未恋 0 0
118 毕夏有毓 0 0
119 °° 0 0
120 曲终无意 0 0
