1 古巷烟雨断桥殇 62 124
2 守护锋 35 71
3 一人一枪闯九州 24 42
4 树儿高高长 22 32
5 凡哥的祖父 14 32
6 方得始終 17 27
7 乐璟 13 25
8 机智勇敢的小月 18 22
9 墨炽 17 19
10 陌路莫回 15 19
11 仑吾山、盖聂 11 17
12 为君丶祭酒 11 17
13 诸天花雨 12 16
14 框框 11 11
15 机智勇敢的小浪 10 10
16 意邪 9 9
17 丶她有清喉 9 9
18 时辰信叁 8 8
19 煌煌 5 7
20 万心忧 6 6
21 冷晓汐丶 4 6
22 晓月梦澈 6 6
23 墨河 6 6
24 一直梨花压海棠 3 5
25 青城爱未恋 5 5
26 丿几度度丶 5 5
27 乌莲娜 4 4
28 男人应有的自豪 4 4
29 再见是否红着脸 3 3
30 飘渺磊 3 3
31 手握大牙签 3 3
32 ＊下水道的白 2 2
33 墨韵轩华 2 2
34 东风路三狗蛋 1 1
35 雪糕失望 1 1
36 梦觞丶 1 1
37 机智勇敢的小吊 1 1
38 池小晚 1 1
39 那年红颜 1 1
40 格殺 1 1
41 知南茶清 1 1
42 栀栀 1 1
43 等我出轻语 0 0
44 落花丶醉 0 0
45 蘃 0 0
46 翎羽寒心 0 0
47 亲爱的未闻花名 0 0
48 奶小牛丶 0 0
49 一曲天涯醉月光 0 0
50 其实想玩刀客 0 0
51 紫舞流年 0 0
52 毕夏有毓 0 0
53 淺笙 0 0
54 池小猫 0 0
55 彡电竞丿柯南乄 0 0
56 言柳 0 0
57 灬醉丨雲嫣 0 0
58 只想做个好人 0 0
59 蚩尤魔人 0 0
60 洪时雪 0 0
61 司徒蛇天 0 0
62 紫雨幽雲 0 0
63 一抹煙雨落繁華 0 0
64 百里轩翊 0 0
65 君挽言 0 0
66 无名唐大夫 0 0
67 纯洁友善的殇 0 0
68 零拾 0 0
69 太极至尊 0 0
70 淡若清风過丶 0 0
71 格七 0 0
72 顾北歌寒 0 0
73 幻之凝雪 0 0
74 拌饭萌面酥 0 0
75 唐舞桐灬 0 0
76 一息衍一 0 0
77 曲终无意 0 0
78 甄心 0 0
79 心念旧人颜 0 0
80 倾舞情儿 0 0
81 若汐 0 0
82 木易丶凝烟 0 0
83 唐初訫 0 0
84 踏马清月夜 0 0
85 异逍遥 0 0
86 白大侠 0 0
87 青羽墨染云 0 0
88 帅气无敌康爸爸 0 0
89 放肆流逝的年华 0 0
90 荡荡 0 0
91 叶菡 0 0
92 凰荼歌 0 0
93 任离流 0 0
94 蝶舞旧梦 0 0
95 凯 0 0
96 在水一方丶丶 0 0
97 一曲天涯梦未远 0 0
98 裴述 0 0
99 狂灬黑 0 0
100 潇洒仗剑天下 0 0
101 荆轲已逝高渐离 0 0
102 儒丶张良 0 0
103 等风与你 0 0
104 艾莉亞史塔克 0 0
105 殇月未觞 0 0
106 苍镜 0 0
107 美人倾城 0 0
108 ′浪浪 0 0
109 机智勇敢的小猪 0 0
110 叁岁丶 0 0
111 山高丶木易 0 0
