1 凡哥的祖父 340 558
2 紫雨幽雲 435 465
3 一曲天涯梦未远 409 417
4 拌饭萌面酥 372 382
5 框框 362 362
6 乐璟 301 349
7 诸天花雨 315 337
8 凰荼歌 315 335
9 煌煌 292 330
10 怒怒怒怒火 317 325
11 一曲天涯醉月光 296 318
12 机智勇敢的小明 238 312
13 零拾 297 307
14 墨韵轩华 262 294
15 清弦 286 292
16 杂粮煎饼 270 288
17 其实想玩刀客 238 284
18 翎羽寒心 272 278
19 言柳 260 266
20 一暮夏一 255 259
21 荡荡 239 251
22 洪时雪 238 250
23 无名唐大夫 231 249
24 丶她有清喉 241 245
25 紫舞流年 237 243
26 殇月未觞 233 243
27 琴韵红衣丶心 242 242
28 青羽墨染云 225 241
29 格殺 233 241
30 潇洒仗剑天下 227 241
31 冷晓汐丶 230 240
32 任离流 212 236
33 丿几度度丶 213 235
34 彡电竞丿柯南乄 221 233
35 凯贼阔里 209 229
36 陌路莫回 211 223
37 再见是否红着脸 208 222
38 奶小牛丶 217 221
39 青城爱未恋 192 220
40 凯 206 218
41 一人一枪闯九州 215 217
42 帅气无敌康爸爸 203 213
43 渡亡 196 212
44 一息衍一 194 208
45 那年红颜 203 203
46 ′浪浪 181 201
47 蝶舞旧梦 193 197
48 机智勇敢的小鸡 183 195
49 等我出轻语 194 194
50 奶妈起余音 189 191
51 My丶殇 185 189
52 墨萧炎 164 186
53 等风与你 185 185
54 时辰信叁 159 181
55 叶菡 173 181
56 裴述 177 177
57 机智勇敢的小浪 155 175
58 叁岁丶 171 171
59 机智勇敢的小炮 148 168
60 方得始終 158 168
61 在水一方丶丶 160 166
62 机智勇敢的小珞 163 165
63 老滚 132 162
64 一直梨花压海棠 147 159
65 幻之凝雪 146 156
66 若汐 156 156
67 殇如此忧伤 147 153
68 仑吾山、盖聂 147 151
69 太极至尊 124 150
70 古巷烟雨断桥殇 115 149
71 机智勇敢的小吊 131 145
72 意邪 137 143
73 云九之 142 142
74 时钟轻摇孤独 121 141
75 颖凌雪 140 140
76 丶倾弦 132 132
77 杨尼玛 110 132
78 梦觞丶 111 113
79 柒叶浅 104 108
80 鐵夢秋 101 101
81 艾莉亞史塔克 99 101
82 董锋 86 100
83 淺笙 76 84
84 墨河 76 78
85 我是恺子爸 76 76
86 灬醉丨雲嫣 72 74
87 毕夏有毓 62 64
88 池小晚 61 63
89 异逍遥 58 58
90 山高丶木易 37 37
91 楪夢 36 36
92 东风路三狗蛋 25 25
93 巡山的人 21 21
94 苏云昭 17 19
95 只想做个好人 15 19
96 踏马清月夜 17 17
97 守护锋 10 16
98 九袋丐 4 6
99 白大侠 4 4
100 格七 0 0
101 狂灬黑 0 0
102 苍镜 0 0
103 墨炽 0 0
104 墨雨丶晓枫 0 0
105 美人倾城 0 0