浪迹小秦	1	4.5	3	1.5	3	12	6	2016-09-18
南宫絮语	1	3.5	2	2	2	9	6	2016-09-18
折扇浪漫	1	4	3	1	1	9	6	2016-09-18
墨河	1	4.5	3	1.5	0	9	6	2016-09-18
Mn丶猫猫君	1	2.5	3	1	2	8	6	2016-09-18
大眼睛秋秋	1	2	3	1.5	2	8	6	2016-09-18
阴萤儿	1	4	1	1.5	2	8	6	2016-09-18
除了帅还有酷	1	4.5	2	0.5	1	8	6	2016-09-18
小阿淮呀	1	4	2	1	1	8	6	2016-09-18
零拾	1	2.5	2	1	2	7	6	2016-09-18
花兮兮兮兮	1	3.5	1	1	2	7	6	2016-09-18
迟歌	1	4.5	1	1	1	7	6	2016-09-18
丨梦里寻她丶丨	1	2	2	1.5	1	6	6	2016-09-18
与尔同销萬古愁	1	2.5	2	1	1	6	6	2016-09-18
ヅ伴烟萝	1	3	1	1	1	6	6	2016-09-18
ヅ醉晴空	1	2	3	1	0	6	6	2016-09-18
a逼c迪e诶扶鸡	1	2	0	1.5	2	5	5	2016-09-18
只想做个好人	1	3	1	1.5	0	5	5	2016-09-18
异逍遥	1	2	1	1	1	5	5	2016-09-18
唐门王俊凯	1	3	0	1	1	5	5	2016-09-18
晓晨晨晨	1	4	0	1	0	5	5	2016-09-18
雪の下八幡	1	3.5	0	1	1	5	5	2016-09-18
仼小三	1	1	1	1	1	4	4	2016-09-18
时钟轻摇孤独	1	2	1	1.5	0	4	4	2016-09-18
梦觞丶	1	3	0	1.5	0	4	4	2016-09-18
鱼丶大大	1	2.5	1	1	0	4	4	2016-09-18
ޓ一梦换须臾	1	3	1	0.5	0	4	4	2016-09-18
跟寂寞再和好丶	1	3	0	1.5	0	4	4	2016-09-18
辛晗	1	2	0	1.5	0	3	3	2016-09-18
牛奶奶奶奶	1	2	0	1	0	3	3	2016-09-18
花炮炮炮炮	1	1.5	0	1	1	3	3	2016-09-18
莓梓喵kiyo	1	1.5	0	1	0	2	2	2016-09-18
栖零刻	1	0.5	0	0.5	1	2	2	2016-09-18
古巷烟雨断桥殇	1	1	1	0	0	2	2	2016-09-18
青丝枫凌	1	0.5	2	0	0	2	2	2016-09-18
尛尛唐猫咪	1	1	0	1.5	0	2	2	2016-09-18
泓绫	1	0.5	0	0	1	1	1	2016-09-18
QQ绿钻	1	1	0	0	0	1	1	2016-09-18
北溟有渔曰萌	1	0	0	1.5	0	1	1	2016-09-18
梦里阑珊俏佳人	1	1.5	0	0	0	1	1	2016-09-18
吕小栋	1	0.5	0	1	0	1	1	2016-09-18
君玉心	1	1	0	0	0	1	1	2016-09-18
机智勇敢的小珞	1	0.5	0	1	0	1	1	2016-09-18
奥利奥。巧轻脆	1	1	0	0	0	1	1	2016-09-18
丶樱桃酱	1	0	0	1	0	1	1	2016-09-18
神异诀	1	1	0	0	0	1	1	2016-09-18
慕容紫诺	1	0.5	1	0	0	1	1	2016-09-18
老滚	1	0	0	1	0	1	1	2016-09-18
絮絮叨叨的刀	1	1	0	0	0	1	1	2016-09-18
颓废老男人	1	0	0	0	0	0	0	2016-09-18
能杀便杀	1	0	0	0.5	0	0	0	2016-09-18
眉间一点白	1	0	0	0	0	0	0	2016-09-18
白天敏	1	0	0	0	0	0	0	2016-09-18
澪澪	1	0	0	0	0	0	0	2016-09-18
冷殘心	1	0	0	0	0	0	0	2016-09-18
唐门仐少	1	0	0	0	0	0	0	2016-09-18
若问闲情都几许	1	0	0	0	0	0	0	2016-09-18
慕落弦	1	0	0	0	0	0	0	2016-09-18
满分丶离渊	1	0	0	0	0	0	0	2016-09-18
柒叶浅	1	0	0	0	0	0	0	2016-09-18
箫布吉	1	0	0	0	0	0	0	2016-09-18
劳资好萌好可爱	1	0	0	0	0	0	0	2016-09-18
秋叶微寒	1	0	0	0	0	0	0	2016-09-18
丶海棠丶	1	0	0	0	0	0	0	2016-09-18
暮雪醉逍遥	1	0.5	0	0	0	0	0	2016-09-18
素蝶	1	0	0	0	0	0	0	2016-09-18
水纹衫丶	1	0	0	0	0	0	0	2016-09-18
老娘是人来疯	1	0	0	0	0	0	0	2016-09-18
比逗是念着反	1	0	0	0	0	0	0	2016-09-18
可夏南栀	1	0	0	0	0	0	0	2016-09-18
牧西城	1	0	0	0	0	0	0	2016-09-18
凰荼歌	1	0	0	0	0	0	0	2016-09-18
巡山的人	1	0	0	0	0	0	0	2016-09-18
蜜桃君	1	0	0	0	0	0	0	2016-09-18
丶若芷	1	0	0	0	0	0	0	2016-09-18
明年今日奕十年	1	0	0	0	0	0	0	2016-09-18
农奴翻身当地主	1	0	0	0	0	0	0	2016-09-18
薛涛笺	1	0	0	0	0	0	0	2016-09-18
秋末黑白	1	0.5	0	0	0	0	0	2016-09-18
飒爽的专家	1	0	0	0	0	0	0	2016-09-18
安九岁	1	0	0	0	0	0	0	2016-09-18
独孤沐白	1	0	0	0	0	0	0	2016-09-18
SouLmAte、小狼	1	0	0	0	0	0	0	2016-09-18
√蓝莓巧克力丶	1	0	0	0	0	0	0	2016-09-18
棠棠	1	0	0	0	0	0	0	2016-09-18
喝脉动割动脉	1	0	0	0	0	0	0	2016-09-18
神荼夜	1	0	0	0	0	0	0	2016-09-18
墨如渊	1	0	0	0	0	0	0	2016-09-18
ޓ俱是梦中人	1	0	0	0	0	0	0	2016-09-18
太极神尊	1	0	0	0	0	0	0	2016-09-18
我是萝卜啊	1	0	0	0	0	0	0	2016-09-18
一时春色	1	0	0	0	0	0	0	2016-09-18
ジSunshineづ	1	0	0	0	0	0	0	2016-09-18
白素。	1	0	0	0	0	0	0	2016-09-18
丶似有若无	1	0	0	0	0	0	0	2016-09-18
练武风化	1	0	0	0	0	0	0	2016-09-18
乱世萧	1	0	0	0	0	0	0	2016-09-18
墨泓	1	0	0	0	0	0	0	2016-09-18
赵昊昌	1	0	0	0	0	0	0	2016-09-18
一叶纸鸢、千念	1	0	0	0	0	0	0	2016-09-18
鸣鸿刀丶	1	0	0	0	0	0	0	2016-09-18
牧羊﹣	1	0	0	0	0	0	0	2016-09-18
阮沐林	1	0	0	0	0	0	0	2016-09-18
破穿	1	0	0	0	0	0	0	2016-09-18
叶榖城	1	0	0	0	0	0	0	2016-09-18
陈日阳	1	0	0	0	0	0	0	2016-09-18
丶古力豆	1	0	0	0	0	0	0	2016-09-18
提刀独立荡八荒	1	0	0	0	0	0	0	2016-09-18
兰陵唐九霄	1	0	0	0	0	0	0	2016-09-18
青丶玄	1	0	0	0	0	0	0	2016-09-18
浪琴	1	0	0	0	0	0	0	2016-09-18
兰阶兔月邪	1	0	0	0	0	0	0	2016-09-18
逐凌	1	0	0	0	0	0	0	2016-09-18
拳脚相向1	1	0	0	0	0	0	0	2016-09-18
神刀丶天降	1	0	0	0	0	0	0	2016-09-18
清新荷语	1	0	0	0	0	0	0	2016-09-18
孟孟孟孟孟	1	0	0	0	0	0	0	2016-09-18
钟离听音丶	1	0	0	0	0	0	0	2016-09-18
〃北梦木兮	1	0.5	0	0	0	0	0	2016-09-18
浮生半日哦	1	0	0	0	0	0	0	2016-09-18
长亭外	1	0	0	0	0	0	0	2016-09-18
刺灰灰	1	0	0	0	0	0	0	2016-09-18
天香国际	1	0	0	0	0	0	0	2016-09-18
梦回路人甲	1	0	0	0	0	0	0	2016-09-18
乌龙擦汗	1	0	0	0	0	0	0	2016-09-18
剑老白	1	0.5	0	0	0	0	0	2016-09-18
贺兰丶宁儿	1	0	0	0	0	0	0	2016-09-18
留恋兰香	1	0	0	0	0	0	0	2016-09-18
白轻寒	1	0	0	0	0	0	0	2016-09-18
张灵风	1	0	0	0	0	0	0	2016-09-18
袅袅余音灬	1	0	0	0	0	0	0	2016-09-18
工口字幕组	1	0	0	0	0	0	0	2016-09-18
风海一刀	1	0	0	0	0	0	0	2016-09-18
唐钰名	1	0	0	0	0	0	0	2016-09-18
蕾拉宝宝	1	0	0	0	0	0	0	2016-09-18
我是天香的啊	1	0	0	0	0	0	0	2016-09-18
叨叨	1	0	0	0	0	0	0	2016-09-18
雪丶无忆	1	0	0	0	0	0	0	2016-09-18
肖君言	1	0	0	0	0	0	0	2016-09-18
凤鸣秋	1	0	0	0	0	0	0	2016-09-18
跑调的张学友	1	0	0	0	0	0	0	2016-09-18
剑舞天涯	1	0	0	0	0	0	0	2016-09-18
沐伯乾	1	0	0	0	0	0	0	2016-09-18
妲己丶别这样	1	0.5	0	0	0	0	0	2016-09-18
右逝	1	0	0	0	0	0	0	2016-09-18
陈凌风	1	0	0	0	0	0	0	2016-09-18
比剑哥还贱	1	0	0	0	0	0	0	2016-09-18
碧眼狐狸、赵四	1	0	0	0	0	0	0	2016-09-18
如酒如笙歌ゎ	2	2.5	2	1.5	3	9	6	2016-09-18
太极至尊	2	4	1	1.5	2	8	6	2016-09-18
若以梦熙わ	2	3.5	2	1	2	8	6	2016-09-18
楪夢	2	4	1	1	2	8	6	2016-09-18
kingdan	2	4	1	1.5	2	8	6	2016-09-18
蛋蛋疍	2	3	2	1	2	8	6	2016-09-18
云海小明	2	3	0	3.5	1	7	6	2016-09-18
墨韵轩华	2	3	1	1.5	2	7	6	2016-09-18
离渊不破笑道人	2	2.5	1	1	1	5	5	2016-09-18
倾舞情儿	2	0.5	2	1.5	1	5	5	2016-09-18
凌渃尘	2	1.5	1	1.5	1	5	5	2016-09-18
小菜鸟的夏天	2	2	2	0	1	5	5	2016-09-18
百里蕾姆	2	4.5	0	1	0	5	5	2016-09-18
淺笙	2	3.5	0	1.5	0	5	5	2016-09-18
天韵、	2	1.5	0	1	2	4	4	2016-09-18
拉轰小女子	2	2	0	1	1	4	4	2016-09-18
三千世界鴉杀尽	2	1	1	1	1	4	4	2016-09-18
醉夜玲珑	2	1	1	1	1	4	4	2016-09-18
白马落叶总相依	2	2	1	1	0	4	4	2016-09-18
怒怒怒怒火	2	0	1	1	1	3	3	2016-09-18
任离流	2	1.5	1	1	0	3	3	2016-09-18
丿慕容晚枫	2	2	0	1	0	3	3	2016-09-18
姬如影	2	2	0	1	0	3	3	2016-09-18
＂清歌若月＊	2	1.5	0	1.5	0	3	3	2016-09-18
友善的大夫	2	1.5	1	0	0	2	2	2016-09-18
折影凤栖弦i	2	0	1	0	1	2	2	2016-09-18
焚藤丶灰烬	2	1	0	0	1	2	2	2016-09-18
小雪妖	2	1	0	1	0	2	2	2016-09-18
些许	2	0.5	0	1.5	0	2	2	2016-09-18
犄角旮旯偷你人	2	1	0	0	1	2	2	2016-09-18
蛮殇魂	2	0	0	0	1	1	1	2016-09-18
武藏野剑太	2	0	1	0	0	1	1	2016-09-18
￣放空	2	1	0	0.5	0	1	1	2016-09-18
娜迦海妖	2	0	0	1	0	1	1	2016-09-18
宁似	2	0	1	0	0	1	1	2016-09-18
荼薇与澈	2	0.5	0	0	1	1	1	2016-09-18
シ流氓帅哥ジ	2	0	0	1	0	1	1	2016-09-18
仁剑震音扬	2	0.5	1	0	0	1	1	2016-09-18
起风奏曲	2	0	1	0	0	1	1	2016-09-18
神威小枪将	2	0	0	1	0	1	1	2016-09-18
俱利摩	2	0	1	0	0	1	1	2016-09-18
火之鸟	2	0	0	0	1	1	1	2016-09-18
谁家娇妻守空房	2	0	0	1	0	1	1	2016-09-18
这游戏真得难呀	2	0.5	0	1	0	1	1	2016-09-18
绑定小蜜的	2	0	0	0	1	1	1	2016-09-18
友善的若云	2	1	0	0	0	1	1	2016-09-18
与君共枕到天明	2	1	0	0	0	1	1	2016-09-18
凱蒂喵	2	1.5	0	0	0	1	1	2016-09-18
大光明里凤凰现	2	0	0	0	0	0	0	2016-09-18
惬兮	2	0.5	0	0	0	0	0	2016-09-18
孤影惊残梦	2	0	0	0	0	0	0	2016-09-18
一只萌正太丶	2	0	0	0	0	0	0	2016-09-18
卖萌的麦兜	2	0	0	0	0	0	0	2016-09-18
裴述	2	0	0	0	0	0	0	2016-09-18
锦綉繁华空城梦	2	0	0	0	0	0	0	2016-09-18
蓝云青飞	2	0	0	0	0	0	0	2016-09-18
雪域星空	2	0	0	0	0	0	0	2016-09-18
影流皇族	2	0	0	0	0	0	0	2016-09-18
花丶妃	2	0	0	0	0	0	0	2016-09-18
君无亦	2	0	0	0	0	0	0	2016-09-18
撑起雨伞	2	0	0	0	0	0	0	2016-09-18
千虚羽	2	0	0	0	0	0	0	2016-09-18
太阳骑士炮灰	2	0.5	0	0	0	0	0	2016-09-18
回忆不曾悲伤	2	0.5	0	0	0	0	0	2016-09-18
圈圈	2	0	0	0	0	0	0	2016-09-18
诸天花雨	2	0	0	0	0	0	0	2016-09-18
寶寶兒	2	0	0	0	0	0	0	2016-09-18
轻狂惊羽	2	0	0	0	0	0	0	2016-09-18
忆在	2	0	0	0	0	0	0	2016-09-18
红毛	2	0	0	0	0	0	0	2016-09-18
北城初夏	2	0	0	0	0	0	0	2016-09-18
青笺画卿颜.ζ	2	0	0	0	0	0	0	2016-09-18
永恒永远十八岁	2	0	0	0	0	0	0	2016-09-18
琴瑟风声绝	2	0	0	0	0	0	0	2016-09-18
白菜子	2	0	0	0	0	0	0	2016-09-18
圣光的爸爸	2	0	0	0	0	0	0	2016-09-18
一洛水一	2	0	0	0	0	0	0	2016-09-18
洛小洛丶	2	0	0	0	0	0	0	2016-09-18
电车丶痴汉	2	0	0	0	0	0	0	2016-09-18
坤哥的私宠	2	0	0	0	0	0	0	2016-09-18
我讨厌用名字	2	0	0	0	0	0	0	2016-09-18
公子丶熙	2	0	0	0	0	0	0	2016-09-18
蛋蛋大侠丨	2	0	0	0	0	0	0	2016-09-18
丿别送丶就是怂	2	0	0	0	0	0	0	2016-09-18
丿别怂丶就是送	2	0	0	0	0	0	0	2016-09-18
不想昵称	2	0	0	0	0	0	0	2016-09-18
萝莉添棒棒糖嘛	2	0	0	0	0	0	0	2016-09-18
闻素问	2	0	0	0	0	0	0	2016-09-18
廉念菡	2	0	0	0	0	0	0	2016-09-18
青梅淡煮酒	2	0	0	0	0	0	0	2016-09-18
岑绿兰	2	0	0	0	0	0	0	2016-09-18
就要呵呵哒丶	2	0	0	0	0	0	0	2016-09-18
清喉丶	2	0	0	0	0	0	0	2016-09-18
苏窈	2	0	0	0	0	0	0	2016-09-18
落落清歡丶	2	0	0	0	0	0	0	2016-09-18
詹翠曼	2	0	0	0	0	0	0	2016-09-18
毅生有妮丶	2	0	0	0	0	0	0	2016-09-18
陈耶比	2	0	0	0	0	0	0	2016-09-18
刀灵媛	2	0	0	0	0	0	0	2016-09-18
樱滿集丶	2	0	0	0	0	0	0	2016-09-18
鑫鑫仔	2	0	0	0	0	0	0	2016-09-18
你瞅啥看啥啊	2	0	0	0	0	0	0	2016-09-18
世无休	2	0	0	0	0	0	0	2016-09-18
暖意醉花荫	2	0	0	0	0	0	0	2016-09-18
阿锟猫	2	0	0	0	0	0	0	2016-09-18
猫不语	2	0	0	0	0	0	0	2016-09-18
一个有内涵的人	2	0	0	0	0	0	0	2016-09-18
董汉卿	2	0	0	0	0	0	0	2016-09-18
椛灯	2	0	0	0	0	0	0	2016-09-18
笛梦一秋	2	0	0	0	0	0	0	2016-09-18
糖糖哒	2	0	0	0	0	0	0	2016-09-18
红尘落雪月无痕	2	0	0	0	0	0	0	2016-09-18
吾寄愁心与明月	2	0	0	0	0	0	0	2016-09-18
ZzEvi11qRuxi	2	0	0	0	0	0	0	2016-09-18
澄汁	2	0	0	0	0	0	0	2016-09-18
唐糖～	2	0	0	0	0	0	0	2016-09-18
闭月羞	2	0	0	0	0	0	0	2016-09-18
魅丿无情	2	0	0	0	0	0	0	2016-09-18
溜六溜六溜	2	0.5	0	0	0	0	0	2016-09-18
轻笑忘	2	0	0	0	0	0	0	2016-09-18
楚歌柔	2	0	0	0	0	0	0	2016-09-18
徐海丶骚猪	2	0	0	0	0	0	0	2016-09-18
红颜痴情笑	2	0	0	0	0	0	0	2016-09-18
石锅先生	2	0	0	0	0	0	0	2016-09-18
陈寒风	2	0	0	0	0	0	0	2016-09-18
就叫玫瑰吧	2	0	0	0	0	0	0	2016-09-18
李心武	2	0	0	0	0	0	0	2016-09-18
ParTing丶R	2	0	0	0	0	0	0	2016-09-18
飞雪如霜	2	0	0	0	0	0	0	2016-09-18
刃歌	2	0	0	0	0	0	0	2016-09-18
殇如此忧伤	2	0	0	0	0	0	0	2016-09-18
童话话	2	0	0	0	0	0	0	2016-09-18
笑崖	2	0	0	0	0	0	0	2016-09-18
月影粟	2	0	0	0	0	0	0	2016-09-18
凡哥的父亲	2	0	0	0	0	0	0	2016-09-18
晗刈	2	0	0	0	0	0	0	2016-09-18
叶舫庭	2	0	0	0	0	0	0	2016-09-18
Actors丶纤旧	2	0	0	0	0	0	0	2016-09-18
倾国不倾城	2	0	0	0	0	0	0	2016-09-18
言白衣	2	0	0	0	0	0	0	2016-09-18
染琴	2	0	0	0	0	0	0	2016-09-18
手中玫瑰赠予谁	2	0	0	0	0	0	0	2016-09-18
纳加法	2	0	0	0	0	0	0	2016-09-18
星雷	2	0	0	0	0	0	0	2016-09-18
飘羽湟	2	0	0	0	0	0	0	2016-09-18
猫笑夏花红衣香	2	0.5	0	0	0	0	0	2016-09-18
神刀弑八荒	2	0	0	0	0	0	0	2016-09-18
冷清语	3	2	3	1	3	9	6	2016-09-18
潇洒仗剑天下	3	4	3	1.5	1	9	6	2016-09-18
魔仙堡小公举	3	3.5	3	1.5	0	8	6	2016-09-18
水影悠兰	3	4	2	1.5	1	8	6	2016-09-18
苍镜	3	2	1	1	3	7	6	2016-09-18
东瀛浪人展梦魂	3	2	1	1	2	6	6	2016-09-18
墨炽	3	3.5	1	0	2	6	6	2016-09-18
紫雨幽雲	3	1.5	1	1.5	2	6	6	2016-09-18
煌煌	3	3	0	2	1	6	6	2016-09-18
魔法少女杜芸松	3	2	1	0	2	5	5	2016-09-18
素手绾青丝임	3	1	1	1	2	5	5	2016-09-18
刀之芳华	3	2	0	1.5	2	5	5	2016-09-18
艾莉亞史塔克	3	3	1	1.5	0	5	5	2016-09-18
午时已到小叨叨	3	1.5	1	0.5	2	5	5	2016-09-18
那年今若、	3	3	0	0	2	5	5	2016-09-18
伊贰叁	3	4	0	1	0	5	5	2016-09-18
青骢绝骑塑天荒	3	3.5	1	1	0	5	5	2016-09-18
蝶舞旧梦	3	2	0	0	2	4	4	2016-09-18
青城爱未恋	3	2.5	1	0	1	4	4	2016-09-18
浩浩丶浩	3	2	1	1	0	4	4	2016-09-18
冷晓汐丶	3	1.5	2	1	0	4	4	2016-09-18
何月凡	3	2.5	1	1	0	4	4	2016-09-18
荡荡	3	1.5	2	1	0	4	4	2016-09-18
东风路三狗蛋	3	3.5	1	0	0	4	4	2016-09-18
之绵	3	2	1	1.5	0	4	4	2016-09-18
七情剑伶慕容英	3	2.5	0	0	2	4	4	2016-09-18
等我出轻语	3	3.5	0	0.5	0	4	4	2016-09-18
空虚公子萧四无	3	3	1	0	0	4	4	2016-09-18
徐婧懿	3	3.5	0	1	0	4	4	2016-09-18
冷语情	3	0	1	0	2	3	3	2016-09-18
框框	3	1	0	1	1	3	3	2016-09-18
㏑ゞ初心ノ	3	0.5	1	1.5	0	3	3	2016-09-18
训练大师森三白	3	1	1	1	0	3	3	2016-09-18
那年红颜	3	3.5	0	0	0	3	3	2016-09-18
天下芒果	3	1.5	1	1	0	3	3	2016-09-18
奶小牛丶	3	2	1	0	0	3	3	2016-09-18
关翔予	3	0.5	2	1	0	3	3	2016-09-18
青羽墨染云	3	2	0	1	0	3	3	2016-09-18
唐舞桐灬	3	2	0	1	0	3	3	2016-09-18
纯洁友善的暮夏	3	0.5	1	0	1	2	2	2016-09-18
帅气无敌康爸爸	3	1.5	0	0	1	2	2	2016-09-18
套套嗷呜	3	1	0	1	0	2	2	2016-09-18
神锤开山大梵天	3	1.5	1	0	0	2	2	2016-09-18
小心有诈哦	3	1.5	0	1	0	2	2	2016-09-18
可爱琳	3	1	0	1	0	2	2	2016-09-18
五六柒	3	0	2	0	0	2	2	2016-09-18
青丝如沫	3	0	1	1	0	2	2	2016-09-18
项辰帝	3	0	0	0	1	1	1	2016-09-18
伐青	3	0	0	0	1	1	1	2016-09-18
龙灬泉	3	0.5	0	0	1	1	1	2016-09-18
顾寻清	3	0	1	0	0	1	1	2016-09-18
濯清莲而不妖	3	0.5	0	1	0	1	1	2016-09-18
祠下	3	0.5	0	1	0	1	1	2016-09-18
翩翩少年灬析	3	0	0	1	0	1	1	2016-09-18
夜冥雪	3	0.5	0	0.5	0	1	1	2016-09-18
白析	3	0	0	1	0	1	1	2016-09-18
琉璃千雪	3	0	0	1	0	1	1	2016-09-18
冉灬子墨	3	0	0	0	1	1	1	2016-09-18
瑶君	3	0	0	1	0	1	1	2016-09-18
此情珂待	3	1.5	0	0	0	1	1	2016-09-18
踏马清月夜	3	1	0	0	0	1	1	2016-09-18
绝影鬼斩苗天王	3	0	0	0	1	1	1	2016-09-18
之锦	3	1	0	0.5	0	1	1	2016-09-18
徐耶比	3	0	0	0	0	0	0	2016-09-18
青春亮丽欣妈妈	3	0	0	0	0	0	0	2016-09-18
东风路大狗蛋	3	0	0	0	0	0	0	2016-09-18
彼眸	3	0	0	0	0	0	0	2016-09-18
最可爱的师姐	3	0	0	0	0	0	0	2016-09-18
莫倾城灬	3	0	0	0	0	0	0	2016-09-18
乏乏	3	0	0	0	0	0	0	2016-09-18
蠢小椰丶	3	0	0	0	0	0	0	2016-09-18
剣殊雨寒丶	3	0	0	0	0	0	0	2016-09-18
神奇宝贝杨尼玛	3	0	0	0	0	0	0	2016-09-18
九袋丐	3	0	0	0	0	0	0	2016-09-18
木易丶凝烟	3	0	0	0	0	0	0	2016-09-18
凛柒っ	3	0.5	0	0	0	0	0	2016-09-18
山高丶木易	3	0	0	0	0	0	0	2016-09-18
二狗娃	3	0.5	0	0	0	0	0	2016-09-18
好想告诉伱	3	0	0	0	0	0	0	2016-09-18
落花丶醉	3	0	0	0	0	0	0	2016-09-18
雨落、伤	3	0	0	0	0	0	0	2016-09-18
赤月染红尘	3	0	0	0	0	0	0	2016-09-18
迷茫中徘徊	3	0	0	0	0	0	0	2016-09-18
小兔兔几	3	0	0	0	0	0	0	2016-09-18
风暖伤	3	0	0	0	0	0	0	2016-09-18
二瞳	3	0	0	0	0	0	0	2016-09-18
转身落尽空城泪	3	0	0	0	0	0	0	2016-09-18
叶枫刃	3	0	0	0	0	0	0	2016-09-18
马来西亚的咪咪	3	0	0	0	0	0	0	2016-09-18
Yada丶leo	3	0	0	0	0	0	0	2016-09-18
萝卜土豆丝	3	0	0	0	0	0	0	2016-09-18
追风少年鹰老七	3	0	0	0	0	0	0	2016-09-18
强力推土机	3	0.5	0	0	0	0	0	2016-09-18
琴小蓝	3	0	0	0	0	0	0	2016-09-18
伊似君心	3	0	0	0	0	0	0	2016-09-18
酱油酱紫	3	0	0	0	0	0	0	2016-09-18
夜雨流年	3	0	0	0	0	0	0	2016-09-18
一丿登	3	0	0	0	0	0	0	2016-09-18
志方	3	0	0	0	0	0	0	2016-09-18
微澜〃	3	0	0	0	0	0	0	2016-09-18
白衣卿卿	3	0	0	0	0	0	0	2016-09-18
凋零之光	3	0	0	0	0	0	0	2016-09-18
月牙冲天	3	0	0	0	0	0	0	2016-09-18
入梦落樱满熏香	3	0	0	0	0	0	0	2016-09-18
天使去要饭丶	3	0.5	0	0	0	0	0	2016-09-18
伱的酒窝没有酒	3	0	0	0	0	0	0	2016-09-18
宫离嫣	3	0	0	0	0	0	0	2016-09-18
友善的小内衣	3	0.5	0	0	0	0	0	2016-09-18
歌风路丶三狗蛋	3	0	0	0	0	0	0	2016-09-18
琴瑟以歌	3	0.5	0	0	0	0	0	2016-09-18
柒果果	3	0	0	0	0	0	0	2016-09-18
纯洁友善的殇	3	0	0	0	0	0	0	2016-09-18
丶吴宇森	3	0.5	0	0	0	0	0	2016-09-18
其实是句号	3	0.5	0	0	0	0	0	2016-09-18
洪时雪	3	0	0	0	0	0	0	2016-09-18
Yennefer	3	0	0	0	0	0	0	2016-09-18
茶凉言尽丶	3	0	0	0	0	0	0	2016-09-18
妄于	3	0	0	0	0	0	0	2016-09-18
阿翔翔	3	0	0	0	0	0	0	2016-09-18
司寇听雨	3	0.5	0	0	0	0	0	2016-09-18
彡电竞丿柯南乄	3	0	0	0	0	0	0	2016-09-18
恶酒。	3	0	0	0	0	0	0	2016-09-18
水红芍	3	0	0	0	0	0	0	2016-09-18
紫舞流年	3	0	0	0	0	0	0	2016-09-18
凉情负	3	0	0	0	0	0	0	2016-09-18
冬瓜小荞	3	0	0	0	0	0	0	2016-09-18
丶大航母	3	0	0	0	0	0	0	2016-09-18
嚜韵轩華	3	0	0	0	0	0	0	2016-09-18
卑鄙的熊猫	3	0.5	0	0	0	0	0	2016-09-18
青絮丶	3	0.5	0	0	0	0	0	2016-09-18
燕雨莲	3	0	0	0	0	0	0	2016-09-18
锦衣卫知秋	3	0	0	0	0	0	0	2016-09-18
纯情少妇马芳玲	3	0	0	0	0	0	0	2016-09-18
一息衍一	3	0	0	0	0	0	0	2016-09-18
碧蝶拉朽	3	0	0	0	0	0	0	2016-09-18
叶菡	3	0	0	0	0	0	0	2016-09-18
储舜	3	0	0	0	0	0	0	2016-09-18
橘子汁丶	3	0	0	0	0	0	0	2016-09-18
Sunnyboy丶桔子	3	0	0	0	0	0	0	2016-09-18
冉灬子灬墨	3	0	0	0	0	0	0	2016-09-18
教堂里听丿情歌	3	0	0	0	0	0	0	2016-09-18
执劍小书生	4	3.5	2	1.5	2	9	6	2016-09-18
襄州牛头梗	4	4	2	1.5	2	9	6	2016-09-18
沐浠尘	4	3.5	3	0.5	1	8	6	2016-09-18
黑泽丶纱重	4	3	3	1.5	1	8	6	2016-09-18
如殇如暮歌ゎ	4	2.5	2	1.5	2	8	6	2016-09-18
如酒如清歌ゎ	4	3	2	1	2	8	6	2016-09-18
茴香。	4	3.5	1	1.5	2	8	6	2016-09-18
如狂如啸歌ゎ	4	2.5	2	1.5	2	8	6	2016-09-18
树儿高高长	4	2	1	1	3	7	6	2016-09-18
薏苡。	4	3	2	1.5	1	7	6	2016-09-18
FateLibra	4	3.5	1	1.5	1	7	6	2016-09-18
FateScorpio	4	3.5	2	1.5	0	7	6	2016-09-18
口味太怪	4	4.5	1	0.5	1	7	6	2016-09-18
在下唐言	4	3.5	1	1.5	1	7	6	2016-09-18
再见是否红着脸	4	3	2	0.5	1	6	6	2016-09-18
鱼香	4	3.5	0	1.5	1	6	6	2016-09-18
天语灬幻影	4	3.5	0	1.5	1	6	6	2016-09-18
太子彬	4	4	0	1.5	0	5	5	2016-09-18
曲终无意	4	2.5	0	1.5	1	5	5	2016-09-18
伴之则暖。	4	4	1	0.5	0	5	5	2016-09-18
时光不矜持	4	3.5	1	0.5	0	5	5	2016-09-18
冬眠的团子	4	3.5	0	1.5	0	5	5	2016-09-18
东越雪纳瑞	4	4	0	1	0	5	5	2016-09-18
如清如影歌ゎ	4	2.5	0	1	1	4	4	2016-09-18
陌路莫回	4	0.5	1	1.5	1	4	4	2016-09-18
剑惜玉	4	2	0	1	1	4	4	2016-09-18
丐帮汪剑通	4	3.5	0	1	0	4	4	2016-09-18
皈依奶小牛丶	4	1.5	1	2	0	4	4	2016-09-18
春困的团子	4	2	0	1	1	4	4	2016-09-18
超人不会飞〃	4	0.5	1	1	1	3	3	2016-09-18
〆连翘	4	2	0	1.5	0	3	3	2016-09-18
晓月梦澈	4	2	0	1	0	3	3	2016-09-18
榕月	4	0	2	0	1	3	3	2016-09-18
好嫩的西湖醋鱼	4	2.5	1	0	0	3	3	2016-09-18
李心雨	4	1	1	1	0	3	3	2016-09-18
倔强的小屁股	4	1	1	1.5	0	3	3	2016-09-18
苏幕清	4	2	0	1	0	3	3	2016-09-18
黑泽丶八重	4	1	1	1	0	3	3	2016-09-18
酒倾轻竹影	4	0.5	1	1	1	3	3	2016-09-18
倦岫风眠	4	2	0	0	1	3	3	2016-09-18
荆轲已逝高渐离	4	2.5	0	0.5	0	3	3	2016-09-18
墨萧炎	4	1.5	0	1	0	2	2	2016-09-18
薛无衡	4	1.5	0	1	0	2	2	2016-09-18
守护锋	4	0	0	1	0	1	1	2016-09-18
颂碑寒	4	0	0	1	0	1	1	2016-09-18
真爱一定有颜色	4	1	0	0	0	1	1	2016-09-18
慕城雪	4	0	0	0	1	1	1	2016-09-18
语丶殇	4	0	0	0	1	1	1	2016-09-18
汪映雪	4	1	0	0	0	1	1	2016-09-18
巴蜀萨摩耶	4	0	1	0	0	1	1	2016-09-18
琴韵红衣丶心	4	0	0	1	0	1	1	2016-09-18
萧劲城	4	0.5	0	1	0	1	1	2016-09-18
如风如雅歌ゎ	4	0	0	1	0	1	1	2016-09-18
狄万钧	4	0	0	1	0	1	1	2016-09-18
sad自行车	4	1	0	0	0	1	1	2016-09-18
冷烂人灬	4	0	0	0	0	0	0	2016-09-18
冷凝香。	4	0	0	0	0	0	0	2016-09-18
大大大大西瓜丶	4	0	0	0	0	0	0	2016-09-18
拥之则安。	4	0	0	0	0	0	0	2016-09-18
咸鱼天香	4	0	0	0	0	0	0	2016-09-18
回头我就在身后	4	0	0	0	0	0	0	2016-09-18
雪遥	4	0	0	0	0	0	0	2016-09-18
笑看浮华红尘事	4	0	0	0	0	0	0	2016-09-18
慕瑾遥	4	0	0	0	0	0	0	2016-09-18
明婕	4	0	0	0	0	0	0	2016-09-18
、陌上看花	4	0	0	0	0	0	0	2016-09-18
邱少	4	0	0	0	0	0	0	2016-09-18
柠小檬丶	4	0	0	0	0	0	0	2016-09-18
浮生半日	4	0.5	0	0	0	0	0	2016-09-18
冷沐瞳	4	0	0	0	0	0	0	2016-09-18
无爱别演	4	0	0	0	0	0	0	2016-09-18
钟离三昧	4	0	0	0	0	0	0	2016-09-18
千雪冰鳳	4	0	0	0	0	0	0	2016-09-18
冷汐宇	4	0	0	0	0	0	0	2016-09-18
秋风飘零花海	4	0	0	0	0	0	0	2016-09-18
无所不能小奇葩	4	0	0	0	0	0	0	2016-09-18
一叶知秋づ	4	0	0	0	0	0	0	2016-09-18
逍遥芙蕖	4	0	0	0	0	0	0	2016-09-18
月夜凉	4	0	0	0	0	0	0	2016-09-18
丶天蓝色	4	0	0	0	0	0	0	2016-09-18
半日丶浮生	4	0	0	0	0	0	0	2016-09-18
梨花黛雨	4	0.5	0	0	0	0	0	2016-09-18
淡然置之	4	0	0	0	0	0	0	2016-09-18
夏又離	4	0	0	0	0	0	0	2016-09-18
红丶雪	4	0	0	0	0	0	0	2016-09-18
格里斯贝恩	4	0	0	0	0	0	0	2016-09-18
F丨小乖	4	0	0	0	0	0	0	2016-09-18
浪哩个浪	4	0	0	0	0	0	0	2016-09-18
烈凝风	4	0	0	0	0	0	0	2016-09-18
丶神楽	4	0	0	0	0	0	0	2016-09-18
唐卿凝	4	0	0	0	0	0	0	2016-09-18
秦友善。	4	0	0	0	0	0	0	2016-09-18
余夜阑珊	4	0	0	0	0	0	0	2016-09-18
易小川	4	0	0	0	0	0	0	2016-09-18
凉山伯	4	0	0	0	0	0	0	2016-09-18
偌米粥丶	4	0	0	0	0	0	0	2016-09-18
樱桃さま	4	0	0	0	0	0	0	2016-09-18
葉窕	4	0	0	0	0	0	0	2016-09-18
琉璎	4	0	0	0	0	0	0	2016-09-18
辉辉辉辉丶輝	4	0	0	0	0	0	0	2016-09-18
太极魔尊	4	0	0	0	0	0	0	2016-09-18
雪糕失望	4	0	0	0	0	0	0	2016-09-18
鱼爸爸	4	0	0	0	0	0	0	2016-09-18
神威司空阿龙	4	0	0	0	0	0	0	2016-09-18
企及	4	0	0	0	0	0	0	2016-09-18
务必叫我欧皇	4	0	0	0	0	0	0	2016-09-18
檀羽冲	4	0	0	0	0	0	0	2016-09-18
素以折扇	4	0	0	0	0	0	0	2016-09-18
Jocelyn	4	0	0	0	0	0	0	2016-09-18
墨語丶	4	0	0	0	0	0	0	2016-09-18
辛风夕	4	0	0	0	0	0	0	2016-09-18
叶天簌	4	0	0	0	0	0	0	2016-09-18
千怀	4	0	0	0	0	0	0	2016-09-18
落叶秋雨	4	0	0	0	0	0	0	2016-09-18
辉煌PT	4	0	0	0	0	0	0	2016-09-18
花儿盛盛开	4	0	0	0	0	0	0	2016-09-18
别碰我的葫芦	4	0	0	0	0	0	0	2016-09-18
宋画蝶	4	0	0	0	0	0	0	2016-09-18
兮颜洛水	4	0.5	0	0	0	0	0	2016-09-18
丶薛日天	4	0	0	0	0	0	0	2016-09-18
神威再见	4	0	0	0	0	0	0	2016-09-18
暮小曦丶	4	0	0	0	0	0	0	2016-09-18
帝喾	4	0	0	0	0	0	0	2016-09-18
万年孤独	4	0	0	0	0	0	0	2016-09-18
壬生京大郎	4	0	0	0	0	0	0	2016-09-18
丶忍野咩咩	4	0	0	0	0	0	0	2016-09-18
上官妙玥	4	0	0	0	0	0	0	2016-09-18
君i陌离	4	0	0	0	0	0	0	2016-09-18
从前玩真武	4	0	0	0	0	0	0	2016-09-18
安好晴天	4	0	0	0	0	0	0	2016-09-18
秦川吉娃娃	4	0	0	0	0	0	0	2016-09-18
惜玉挽轻裳	4	0	0	0	0	0	0	2016-09-18
太白洗衣液	4	0	0	0	0	0	0	2016-09-18
丐帮金鹏长老	4	0	0	0	0	0	0	2016-09-18
胡大力	4	0	0	0	0	0	0	2016-09-18
鹅几	4	0.5	0	0	0	0	0	2016-09-18
慕榕月	4	0	0	0	0	0	0	2016-09-18
柒苍术的小傀儡	4	0	0	0	0	0	0	2016-09-18
泪忆寒、	4	0	0	0	0	0	0	2016-09-18
遇之则感。	4	0	0	0	0	0	0	2016-09-18
超懒的阿元呀	4	0	0	0	0	0	0	2016-09-18
容子欢	4	0	0	0	0	0	0	2016-09-18
