1 紫雨幽雲 85 99
2 友善的咸鱼白 82 90
3 其实想玩刀客 73 83
4 墨河 63 73
5 时钟轻摇孤独 68 72
6 紫舞流年 68 72
7 轻素剪云端 67 71
8 小阿淮呀 61 67
9 洪时雪 51 63
10 那年今若、 52 62
11 梦觞丶 60 60
12 我是小官人 51 59
13 曲终无意 56 58
14 机智勇敢的小炮 47 57
15 东风路三狗蛋 50 56
16 苍镜 42 54
17 木易丶凝烟 42 54
18 方得始終 49 53
19 任离流 51 53
20 艾尔艾路弗 52 52
21 九袋丐 52 52
22 流浪的小花狼 46 52
23 ParTing丶R 50 52
24 在下唐言 47 51
25 格殺 51 51
26 一抹煙雨落繁華 46 50
27 一直梨花压海棠 46 50
28 等风与你 49 49
29 再见是否红着脸 49 49
30 空虚公子萧四无 39 47
31 丿几度度丶 42 46
32 潇洒仗剑天下 41 45
33 山高丶木易 42 44
34 小萌耍太白丶 42 44
35 东瀛浪人展梦魂 41 43
36 青丝枫凌 43 43
37 艾莉亞史塔克 40 42
38 墨麟杉 42 42
39 青骢绝骑塑天荒 40 42
40 晓月梦澈 37 41
41 城南穷鬼赵四 39 41
42 拌饭萌面酥 40 40
43 临风望月爱啪啪 31 39
44 奶小牛丶 39 39
45 池小猫 36 38
46 树儿高高长 38 38
47 七情剑伶慕容英 35 37
48 胡大力 37 37
49 彡电竞丿柯南乄 32 36
50 墨雨丶晓枫 31 35
51 浪迹小秦 31 35
52 月牙冲天 35 35
53 乌莲娜 34 34
54 开封拍卖行 32 32
55 永恒只为等待 32 32
56 零拾 32 32
57 花谢人凋零。 26 30
58 倾舞情儿 26 30
59 青城爱未恋 27 29
60 煌煌 27 29
61 邱少 28 28
62 叶菡 25 27
63 那年红颜 24 26
64 折扇浪漫 23 25
65 太极至尊 25 25
66 淺笙 23 23
67 怒怒怒怒火 21 23
68 墨韵轩华 21 21
69 机智勇敢的小猪 11 19
70 在下唐银 18 18
71 凯 18 18
72 裴述 17 17
73 手中玫瑰赠予谁 17 17
74 凌渃尘 14 16
75 南宫絮语 13 15
76 牛奶奶奶奶 13 13
77 蚩尤魔人 13 13
78 魅丿无情 11 11
79 灬醉丨雲嫣 6 10
80 异逍遥 9 9
81 古巷烟雨断桥殇 8 8
82 亲爱的未闻花名 6 6
83 池小晚 4 4
84 毕夏有毓 4 4
85 一人一枪闯九州 1 3
86 帅气无敌康爸爸 1 1
87 轻笑忘 0 0
88 凶光外露的熊 0 0
89 小阿鏡 0 0
90 独孤沐白 0 0
91 娇软の小屁股 0 0
92 神威再见 0 0
93 落花丶醉 0 0
94 凯贼阔里 0 0
95 纯情少妇马芳玲 0 0
96 花兮兮兮兮 0 0
97 魔法少女杜芸松 0 0
98 芝麻花生馅儿饺 0 0
99 甄心 0 0
100 何月凡 0 0
101 一个有内涵的人 0 0
102 丿Muc丨君丶陌 0 0
103 儒丶张良 0 0
104 楪夢 0 0
105 他们不让玩神威 0 0
106 等我出轻语 0 0
107 无言上青楼 0 0
108 浩浩丶浩 0 0
109 唐舞桐灬 0 0
110 孤鸿芊芊 0 0
111 摩诃大梵天 0 0
112 炖猪肘丶 0 0