1 浪迹小秦 7 19
2 白析 8 12
3 唐门王俊凯 3 9
4 冷清语 5 9
5 〆连翘 5 7
6 神锤开山大梵天 3 7
7 东瀛浪人展梦魂 5 7
8 那年今若、 3 5
9 与尔同销萬古愁 3 5
10 零拾 3 3
11 树儿高高长 1 3
12 之锦 1 3
13 太极至尊 2 2
14 口味太怪 2 2
15 倔强的小屁股 2 2
16 如梦如幻歌ゎ 1 1
17 白马落叶总相依 1 1
18 此情珂待 1 1
19 拉轰小女子 1 1
20 青骢绝骑塑天荒 1 1
21 魔仙堡小公举 1 1
22 等我出轻语 1 1
23 徐婧懿 1 1
24 拌蠢蠢 1 1
25 佚名。 1 1
26 娜迦海妖 1 1
27 奶小牛丶 1 1
28 若以梦熙わ 1 1
29 如清如影歌ゎ 0 0
30 再见是否红着脸 0 0
31 倾舞情儿 0 0
32 伴之则暖。 0 0
33 夜冥雪 0 0
34 凛柒っ 0 0
35 异逍遥 0 0
36 素手绾青丝임 0 0
37 小心有诈哦 0 0
38 除了帅还有酷 0 0
39 鱼香 0 0
40 小阿淮呀 0 0
41 那年红颜 0 0
42 吕小栋 0 0
43 唐舞桐灬 0 0
44 七情剑伶慕容英 0 0
45 FateScorpio 0 0
46 雪の下八幡 0 0
47 思弦 0 0
48 百里轩翊 0 0
49 晓晨晨晨 0 0
50 FateLibra 0 0
51 陌路莫回 0 0
52 丿慕容晚枫 0 0
53 天语灬幻影 0 0
54 东越雪纳瑞 0 0
55 濯清莲而不妖 0 0
56 苍镜 0 0
57 百里蕾姆 0 0
58 水影悠兰 0 0
59 如酒如笙歌ゎ 0 0
60 ￣放空 0 0
61 执劍小书生 0 0
62 梦觞丶 0 0
63 山高丶木易 0 0
64 墨萧炎 0 0
65 牛奶奶奶奶 0 0
66 花兮兮兮兮 0 0
67 只想做个好人 0 0
68 襄州牛头梗 0 0
69 a逼c迪e诶扶鸡 0 0
70 南宫絮语 0 0
71 丐帮汪剑通 0 0
72 纯洁友善的暮夏 0 0
73 时光不矜持 0 0
74 跟寂寞再和好丶 0 0
75 午时已到小叨叨 0 0
76 迟歌 0 0
77 离渊不破笑道人 0 0
78 墨河 0 0
79 紫舞流年 0 0
80 木易丶凝烟 0 0
81 蠢小椰丶 0 0
82 花炮炮炮炮 0 0
83 kingdan 0 0
84 何月凡 0 0
85 淺笙 0 0
86 一个有内涵的人 0 0
87 墨韵轩华 0 0
88 苏幕清 0 0
89 空虚公子萧四无 0 0
90 仁剑震音扬 0 0
91 潇洒仗剑天下 0 0
92 刀之芳华 0 0
93 如狂如啸歌ゎ 0 0
94 ޓ一梦换须臾 0 0
95 如殇如暮歌ゎ 0 0
96 关翔予 0 0
97 沐浠尘 0 0
98 紫雨幽雲 0 0