1 怒怒怒怒火 8 12
2 墨韵轩华 6 10
3 伊贰叁 7 7
4 箫中剑丶 5 5
5 曲终无意 4 4
6 烦声夜语 4 4
7 与尔同销萬古愁 2 4
8 懿锦丶 4 4
9 吕小栋 2 2
10 折扇浪漫 2 2
11 殇月未觞 2 2
12 Mn丶猫猫君 1 1
13 丶天蓝色 1 1
14 劳资好萌好可爱 1 1
15 南宫絮语 1 1
16 大眼睛秋秋 1 1
17 雙生逐梦 1 1
18 凌渃尘 1 1
19 邱少 1 1
20 暮雪醉逍遥 1 1
21 在下唐言 0 0
22 明年今日奕十年 0 0
23 洪时雪 0 0
24 诸天花雨 0 0
25 洛天岚 0 0
26 山高丶木易 0 0
27 再见是否红着脸 0 0
28 墨河 0 0
29 梦觞丶 0 0
30 零拾 0 0
31 荡荡 0 0
32 何月凡 0 0
33 浪迹小秦 0 0
34 那年红颜 0 0
35 乌莲娜 0 0
36 青骢绝骑塑天荒 0 0
37 一个有内涵的人 0 0
38 拾勾枯爬尖 0 0
39 牛奶奶奶奶 0 0
40 姬如影 0 0
41 神奇宝贝杨尼玛 0 0
42 框框 0 0
43 青丝枫凌 0 0
44 纯洁友善的暮夏 0 0
45 我纯文字 0 0
46 踏马清月夜 0 0
47 永恒永远十八岁 0 0
48 拌蠢蠢 0 0
49 夜白衣 0 0
50 花兮兮兮兮 0 0
51 奶小牛丶 0 0
52 淺笙 0 0
53 叶菡 0 0
54 友善的咸鱼白 0 0
55 北城初夏 0 0
56 东风路三狗蛋 0 0
57 白析 0 0
58 百里轩翊 0 0
59 在下唐银 0 0
60 等我出轻语 0 0
61 青城爱未恋 0 0
62 其实想玩刀客 0 0
63 太极至尊 0 0
64 浩浩丶浩 0 0
65 椛灯 0 0
